./UVM/test11500X00.png 0,0,54,23,0 102,62,156,98,0 
./UVM/test11500X01.png 0,0,54,23,0 102,62,156,98,0 
./UVM/test11500X02.png 19,90,86,113,0 262,43,345,98,0 
./UVM/test11500X03.png 19,90,86,113,0 262,43,345,98,0 
./UVM/test11500X04.png 70,35,121,78,0 176,43,223,105,0 
./UVM/test11500X05.png 70,35,121,78,0 176,43,223,105,0 
./UVM/test11500X06.png 153,0,208,15,0 255,0,306,27,0 341,0,396,47,0 
./UVM/test11500X07.png 153,0,208,15,0 255,0,306,27,0 341,0,396,47,0 
./UVM/test11500X08.png 27,43,90,70,0 0,82,7,117,0 200,35,262,70,0 294,23,364,66,0 
./UVM/test11500X09.png 27,43,90,70,0 0,82,7,117,0 200,35,262,70,0 294,23,364,66,0 
./UVM/test11500X10.png 19,15,58,70,0 251,15,294,70,0 380,82,416,117,0 
./UVM/test11500X11.png 19,15,58,70,0 251,15,294,70,0 380,82,416,117,0 
./UVM/test11500X12.png 172,0,208,7,0 62,7,113,54,0 31,78,86,105,0 113,58,141,98,0 
./UVM/test11500X13.png 172,0,208,7,0 62,7,113,54,0 31,78,86,105,0 113,58,141,98,0 
./UVM/test11500X14.png 168,3,239,58,0 282,0,321,62,0 
./UVM/test11500X15.png 168,3,239,58,0 282,0,321,62,0 
./UVM/test11500X16.png 160,58,235,121,0 0,78,11,125,0 0,380,54,416,0 0,231,19,294,0 0,121,43,176,0 66,176,121,215,0 156,208,184,251,0 239,278,259,333,0 39,243,66,270,0 
./UVM/test11500X17.png 160,58,235,121,0 0,78,11,125,0 0,380,54,416,0 0,231,19,294,0 0,121,43,176,0 66,176,121,215,0 156,208,184,251,0 239,278,259,333,0 39,243,66,270,0 
./UVM/test11500X18.png 19,0,58,39,0 208,27,266,102,0 392,78,416,125,0 184,129,223,172,0 117,168,168,204,0 0,141,23,196,0 94,286,141,321,0 102,333,149,368,0 223,251,278,306,0 215,349,262,400,0 317,321,353,361,0 361,290,416,364,0 376,231,416,294,0 
./UVM/test11500X19.png 19,0,58,39,0 208,27,266,102,0 392,78,416,125,0 184,129,223,172,0 117,168,168,204,0 0,141,23,196,0 94,286,141,321,0 102,333,149,368,0 223,251,278,306,0 215,349,262,400,0 317,321,353,361,0 361,290,416,364,0 376,231,416,294,0 
./UVM/test11500X20.png 35,47,105,94,0 0,153,7,204,0 90,145,153,204,0 208,168,227,211,0 211,204,262,251,0 302,0,372,35,0 372,74,412,102,0 384,141,416,196,0 
./UVM/test11500X21.png 35,47,105,94,0 0,153,7,204,0 90,145,153,204,0 208,168,227,211,0 211,204,262,251,0 302,0,372,35,0 372,74,412,102,0 384,141,416,196,0 
./UVM/test11500X22.png 0,19,27,70,0 47,94,109,141,0 0,306,47,341,0 102,361,156,416,0 286,361,325,412,0 310,286,361,349,0 388,153,416,204,0 
./UVM/test11500X23.png 0,19,27,70,0 47,94,109,141,0 0,306,47,341,0 102,361,156,416,0 286,361,325,412,0 310,286,361,349,0 388,153,416,204,0 
./UVM/test11500X24.png 0,211,51,270,0 66,321,117,364,0 153,396,208,416,0 160,82,243,149,0 325,0,368,39,0 384,19,416,70,0 333,231,372,294,0 270,310,341,372,0 215,337,259,372,0 255,388,306,416,0 341,404,396,416,0 408,306,416,341,0 
./UVM/test11500X25.png 0,211,51,270,0 66,321,117,364,0 153,396,208,416,0 160,82,243,149,0 325,0,368,39,0 384,19,416,70,0 333,231,372,294,0 270,310,341,372,0 215,337,259,372,0 255,388,306,416,0 341,404,396,416,0 408,306,416,341,0 
./UVM/test11500X26.png 227,23,294,74,0 211,176,262,211,0 160,98,192,141,0 255,133,310,176,0 66,286,102,341,0 270,321,325,364,0 227,223,290,262,0 400,211,416,270,0 
./UVM/test11500X27.png 227,23,294,74,0 211,176,262,211,0 160,98,192,141,0 255,133,310,176,0 66,286,102,341,0 270,321,325,364,0 227,223,290,262,0 400,211,416,270,0 
./UVM/test11500X28.png 345,78,400,121,0 78,90,121,133,0 11,82,74,117,0 31,141,58,188,0 74,145,105,196,0 102,188,145,231,0 31,282,74,325,0 278,278,306,321,0 
./UVM/test11500X29.png 345,78,400,121,0 78,90,121,133,0 11,82,74,117,0 31,141,58,188,0 74,145,105,196,0 102,188,145,231,0 31,282,74,325,0 278,278,306,321,0 
./UVM/test11500X30.png 0,302,15,364,0 98,215,125,251,0 141,278,196,317,0 141,345,172,392,0 172,372,208,416,0 259,153,282,215,0 310,129,357,176,0 317,188,364,235,0 313,294,353,341,0 
./UVM/test11500X31.png 0,302,15,364,0 98,215,125,251,0 141,278,196,317,0 141,345,172,392,0 172,372,208,416,0 259,153,282,215,0 310,129,357,176,0 317,188,364,235,0 313,294,353,341,0 
./UVM/test11500X32.png 368,0,404,43,0 380,62,416,98,0 353,125,388,164,0 0,156,15,208,0 74,302,125,364,0 376,302,416,364,0 
./UVM/test11500X33.png 368,0,404,43,0 380,62,416,98,0 353,125,388,164,0 0,156,15,208,0 74,302,125,364,0 376,302,416,364,0 
./UVM/test11500X34.png 196,0,266,35,0 368,156,416,208,0 313,211,372,255,0 66,211,113,243,0 102,337,168,392,0 7,353,74,400,0 
./UVM/test11500X35.png 196,0,266,35,0 368,156,416,208,0 313,211,372,255,0 66,211,113,243,0 102,337,168,392,0 7,353,74,400,0 
./UVM/test11500X36.png 156,94,208,156,0 0,105,39,156,0 243,341,270,376,0 
./UVM/test11500X37.png 156,94,208,156,0 0,105,39,156,0 243,341,270,376,0 
./UVM/test11500X38.png 262,121,329,168,0 149,27,196,74,0 11,255,78,298,0 145,223,168,262,0 19,400,58,416,0 
./UVM/test11500X39.png 262,121,329,168,0 149,27,196,74,0 11,255,78,298,0 145,223,168,262,0 19,400,58,416,0 
./UVM/test11500X40.png 0,109,7,168,0 113,196,153,243,0 200,180,255,227,0 294,133,337,188,0 86,298,137,345,0 153,278,200,329,0 282,227,329,290,0 255,333,306,388,0 302,388,372,416,0 
./UVM/test11500X41.png 0,109,7,168,0 113,196,153,243,0 200,180,255,227,0 294,133,337,188,0 86,298,137,345,0 153,278,200,329,0 282,227,329,290,0 255,333,306,388,0 302,388,372,416,0 
./UVM/test11500X42.png 188,0,235,66,0 329,19,372,62,0 364,109,416,168,0 223,109,290,156,0 74,102,102,149,0 113,149,153,192,0 0,231,23,266,0 54,345,94,380,0 176,372,239,408,0 270,290,313,357,0 329,333,361,372,0 
./UVM/test11500X43.png 188,0,235,66,0 329,19,372,62,0 364,109,416,168,0 223,109,290,156,0 74,102,102,149,0 113,149,153,192,0 0,231,23,266,0 54,345,94,380,0 176,372,239,408,0 270,290,313,357,0 329,333,361,372,0 
./UVM/test11500X44.png 294,19,329,82,0 266,156,290,184,0 408,231,416,266,0 298,294,353,349,0 7,294,90,341,0 325,400,368,416,0 
./UVM/test11500X45.png 294,19,329,82,0 266,156,290,184,0 408,231,416,266,0 298,294,353,349,0 7,294,90,341,0 325,400,368,416,0 
./UVM/test11500X46.png 54,0,113,27,0 184,3,211,39,0 341,0,396,43,0 129,102,168,145,0 180,149,208,168,0 117,239,176,294,0 86,298,129,321,0 137,306,192,345,0 0,208,23,239,0 345,196,396,274,0 262,290,290,321,0 361,349,416,396,0 62,357,117,408,0 
./UVM/test11500X47.png 54,0,113,27,0 184,3,211,39,0 341,0,396,43,0 129,102,168,145,0 180,149,208,168,0 117,239,176,294,0 86,298,129,321,0 137,306,192,345,0 0,208,23,239,0 345,196,396,274,0 262,290,290,321,0 361,349,416,396,0 62,357,117,408,0 
./UVM/test11500X48.png 243,11,274,51,0 98,23,129,62,0 23,35,54,78,0 62,223,98,255,0 62,302,105,337,0 168,329,215,353,0 251,262,286,306,0 
./UVM/test11500X49.png 243,11,274,51,0 98,23,129,62,0 23,35,54,78,0 62,223,98,255,0 62,302,105,337,0 168,329,215,353,0 251,262,286,306,0 
./UVM/test11500X50.png 15,0,66,19,0 0,78,39,133,0 227,113,270,156,0 325,160,384,208,0 235,196,310,235,0 0,298,15,345,0 149,262,211,321,0 
./UVM/test11500X51.png 15,0,66,19,0 0,78,39,133,0 227,113,270,156,0 325,160,384,208,0 235,196,310,235,0 0,298,15,345,0 149,262,211,321,0 
./UVM/test11500X52.png 47,0,102,3,0 125,0,188,31,0 282,0,325,23,0 184,62,231,94,0 141,113,200,149,0 321,54,368,90,0 400,78,416,133,0 302,231,353,259,0 270,282,310,310,0 325,294,364,329,0 392,298,416,345,0 109,349,164,416,0 368,404,404,416,0 
./UVM/test11500X53.png 47,0,102,3,0 125,0,188,31,0 282,0,325,23,0 184,62,231,94,0 141,113,200,149,0 321,54,368,90,0 400,78,416,133,0 302,231,353,259,0 270,282,310,310,0 325,294,364,329,0 392,298,416,345,0 109,349,164,416,0 368,404,404,416,0 
./UVM/test11500X54.png 7,43,35,113,0 302,0,345,19,0 286,113,321,149,0 51,247,121,286,0 204,239,239,294,0 317,313,361,353,0 259,329,290,368,0 196,341,239,380,0 196,396,266,416,0 
./UVM/test11500X55.png 7,43,35,113,0 302,0,345,19,0 286,113,321,149,0 51,247,121,286,0 204,239,239,294,0 317,313,361,353,0 259,329,290,368,0 196,341,239,380,0 196,396,266,416,0 
./UVM/test11500X56.png 51,0,74,43,0 19,113,62,160,0 0,156,19,227,0 168,274,223,357,0 
./UVM/test11500X57.png 51,0,74,43,0 19,113,62,160,0 0,156,19,227,0 168,274,223,357,0 
./UVM/test11500X58.png 3,70,66,109,0 262,82,310,125,0 384,156,416,227,0 262,196,294,239,0 184,266,266,333,0 0,251,62,306,0 0,317,7,368,0 
./UVM/test11500X59.png 3,70,66,109,0 262,82,310,125,0 384,156,416,227,0 262,196,294,239,0 184,266,266,333,0 0,251,62,306,0 0,317,7,368,0 
./UVM/test11500X60.png 0,31,11,74,0 66,137,117,176,0 129,184,156,215,0 192,176,243,247,0 306,70,345,117,0 133,345,180,404,0 102,235,145,274,0 404,251,416,306,0 357,317,416,368,0 
./UVM/test11500X61.png 0,31,11,74,0 66,137,117,176,0 129,184,156,215,0 192,176,243,247,0 306,70,345,117,0 133,345,180,404,0 102,235,145,274,0 404,251,416,306,0 357,317,416,368,0 
./UVM/test11500X62.png 70,27,117,70,0 388,31,416,74,0 160,192,208,239,0 62,298,141,361,0 23,364,78,400,0 188,404,235,416,0 196,329,235,368,0 239,302,302,404,0 333,251,368,317,0 
./UVM/test11500X63.png 70,27,117,70,0 388,31,416,74,0 160,192,208,239,0 62,298,141,361,0 23,364,78,400,0 188,404,235,416,0 196,329,235,368,0 239,302,302,404,0 333,251,368,317,0 
./UVM/test11500X64.png 3,0,39,27,0 58,11,109,47,0 39,54,94,98,0 129,58,176,102,0 208,0,259,43,0 0,141,43,180,0 0,282,31,317,0 306,239,357,290,0 
./UVM/test11500X65.png 3,0,39,27,0 58,11,109,47,0 39,54,94,98,0 129,58,176,102,0 208,0,259,43,0 0,141,43,180,0 0,282,31,317,0 306,239,357,290,0 
./UVM/test11500X66.png 3,113,39,168,0 117,153,160,196,0 325,31,357,54,0 333,70,384,98,0 404,141,416,180,0 149,329,200,376,0 94,345,129,376,0 54,404,113,416,0 259,364,282,404,0 341,412,396,416,0 
./UVM/test11500X67.png 3,113,39,168,0 117,153,160,196,0 325,31,357,54,0 333,70,384,98,0 404,141,416,180,0 149,329,200,376,0 94,345,129,376,0 54,404,113,416,0 259,364,282,404,0 341,412,396,416,0 
./UVM/test11500X68.png 262,27,298,94,0 325,82,376,145,0 0,58,7,94,0 70,19,117,58,0 211,184,255,227,0 
./UVM/test11500X69.png 262,27,298,94,0 325,82,376,145,0 0,58,7,94,0 70,19,117,58,0 211,184,255,227,0 
./UVM/test11500X70.png 11,0,54,35,0 259,19,310,82,0 172,15,211,54,0 384,58,416,94,0 47,266,78,310,0 176,282,235,333,0 364,282,404,329,0 78,376,113,408,0 15,408,66,416,0 
./UVM/test11500X71.png 11,0,54,35,0 259,19,310,82,0 172,15,211,54,0 384,58,416,94,0 47,266,78,310,0 176,282,235,333,0 364,282,404,329,0 78,376,113,408,0 15,408,66,416,0 
./UVM/test11500X72.png 208,0,239,27,0 78,43,121,98,0 47,372,102,416,0 121,333,176,372,0 125,396,188,416,0 243,102,282,137,0 160,47,208,78,0 86,227,117,255,0 239,235,282,266,0 243,321,294,372,0 282,392,325,416,0 384,321,416,357,0 
./UVM/test11500X73.png 208,0,239,27,0 78,43,121,98,0 47,372,102,416,0 121,333,176,372,0 125,396,188,416,0 243,102,282,137,0 160,47,208,78,0 86,227,117,255,0 239,235,282,266,0 243,321,294,372,0 282,392,325,416,0 384,321,416,357,0 
./UVM/test11500X74.png 3,11,86,58,0 66,0,141,31,0 302,27,345,78,0 223,82,274,129,0 137,164,172,200,0 11,145,31,200,0 102,302,160,353,0 27,321,66,380,0 302,396,345,416,0 
./UVM/test11500X75.png 3,11,86,58,0 66,0,141,31,0 302,27,345,78,0 223,82,274,129,0 137,164,172,200,0 11,145,31,200,0 102,302,160,353,0 27,321,66,380,0 302,396,345,416,0 
./UVM/test11500X76.png 137,321,180,349,0 51,396,74,416,0 
./UVM/test11500X77.png 137,321,180,349,0 51,396,74,416,0 
./UVM/test11500X78.png 282,0,325,31,0 329,39,396,90,0 223,102,290,160,0 188,15,235,39,0 149,47,184,74,0 353,219,388,255,0 204,274,235,313,0 102,286,156,317,0 47,302,102,349,0 125,325,184,376,0 
./UVM/test11500X79.png 282,0,325,31,0 329,39,396,90,0 223,102,290,160,0 188,15,235,39,0 149,47,184,74,0 353,219,388,255,0 204,274,235,313,0 102,286,156,317,0 47,302,102,349,0 125,325,184,376,0 
./UVM/test11500X80.png 94,0,141,19,0 94,31,149,54,0 3,109,35,141,0 200,51,239,90,0 274,51,317,90,0 302,156,349,180,0 364,270,404,298,0 78,270,137,325,0 
./UVM/test11500X81.png 94,0,141,19,0 94,31,149,54,0 3,109,35,141,0 200,51,239,90,0 274,51,317,90,0 302,156,349,180,0 364,270,404,298,0 78,270,137,325,0 
./UVM/test11500X82.png 0,94,27,117,0 0,290,23,313,0 160,208,192,235,0 219,239,255,274,0 321,290,396,329,0 227,329,274,380,0 
./UVM/test11500X83.png 0,94,27,117,0 0,290,23,313,0 160,208,192,235,0 219,239,255,274,0 321,290,396,329,0 227,329,274,380,0 
./UVM/test11500X84.png 0,19,15,51,0 117,11,176,43,0 239,7,290,78,0 172,117,208,172,0 255,160,302,196,0 400,290,416,313,0 3,380,39,416,0 
./UVM/test11500X85.png 0,19,15,51,0 117,11,176,43,0 239,7,290,78,0 172,117,208,172,0 255,160,302,196,0 400,290,416,313,0 3,380,39,416,0 
./UVM/test11500X86.png 223,27,266,62,0 396,19,416,51,0 0,94,15,145,0 43,125,102,176,0 141,255,192,306,0 31,345,78,380,0 0,239,47,286,0 247,278,298,313,0 282,376,325,408,0 
./UVM/test11500X87.png 223,27,266,62,0 396,19,416,51,0 0,94,15,145,0 43,125,102,176,0 141,255,192,306,0 31,345,78,380,0 0,239,47,286,0 247,278,298,313,0 282,376,325,408,0 
./UVM/test11500X88.png 125,0,180,31,0 0,121,23,160,0 31,94,62,145,0 74,105,125,160,0 262,160,298,200,0 400,94,416,145,0 278,235,313,266,0 223,274,266,317,0 282,357,313,392,0 
./UVM/test11500X89.png 125,0,180,31,0 0,121,23,160,0 31,94,62,145,0 74,105,125,160,0 262,160,298,200,0 400,94,416,145,0 278,235,313,266,0 223,274,266,317,0 282,357,313,392,0 
./UVM/test11500X90.png 82,0,125,15,0 0,192,7,235,0 35,137,78,184,0 43,274,70,325,0 11,400,54,416,0 302,113,353,164,0 290,333,345,376,0 
./UVM/test11500X91.png 82,0,125,15,0 0,192,7,235,0 35,137,78,184,0 43,274,70,325,0 11,400,54,416,0 302,113,353,164,0 290,333,345,376,0 
./UVM/test11500X92.png 35,0,86,47,0 0,337,31,388,0 90,345,125,388,0 188,211,211,259,0 384,192,416,235,0 215,361,239,392,0 208,408,239,416,0 
./UVM/test11500X93.png 35,0,86,47,0 0,337,31,388,0 90,345,125,388,0 188,211,211,259,0 384,192,416,235,0 215,361,239,392,0 208,408,239,416,0 
./UVM/test11500X94.png 3,3,27,43,0 94,7,149,62,0 141,54,164,86,0 160,0,215,7,0 235,78,290,121,0 54,149,98,188,0 160,153,196,192,0 196,172,211,200,0 58,204,113,266,0 39,325,109,368,0 7,368,47,400,0 66,388,141,416,0 192,376,231,412,0 384,337,416,388,0 
./UVM/test11500X95.png 3,3,27,43,0 94,7,149,62,0 141,54,164,86,0 160,0,215,7,0 235,78,290,121,0 54,149,98,188,0 160,153,196,192,0 196,172,211,200,0 58,204,113,266,0 39,325,109,368,0 7,368,47,400,0 66,388,141,416,0 192,376,231,412,0 384,337,416,388,0 
./UVM/test11500X96.png 11,0,66,31,0 0,66,31,121,0 43,121,82,168,0 109,145,160,200,0 47,192,82,239,0 
./UVM/test11500X97.png 11,0,66,31,0 0,66,31,121,0 43,121,82,168,0 109,145,160,200,0 47,192,82,239,0 
./UVM/test11500X98.png 168,3,219,43,0 243,0,270,19,0 15,180,54,231,0 247,70,278,113,0 388,66,416,121,0 259,262,306,306,0 102,290,156,325,0 204,310,259,345,0 160,361,200,400,0 266,341,302,380,0 282,404,325,416,0 
./UVM/test11500X99.png 168,3,219,43,0 243,0,270,19,0 15,180,54,231,0 247,70,278,113,0 388,66,416,121,0 259,262,306,306,0 102,290,156,325,0 204,310,259,345,0 160,361,200,400,0 266,341,302,380,0 282,404,325,416,0 
./UVM/test11500X100.png 62,0,121,51,0 156,0,219,39,0 266,11,298,51,0 137,121,200,172,0 266,90,317,129,0 204,192,239,219,0 94,396,141,416,0 0,325,11,361,0 
./UVM/test11500X101.png 62,0,121,51,0 156,0,219,39,0 266,11,298,51,0 137,121,200,172,0 266,90,317,129,0 204,192,239,219,0 94,396,141,416,0 0,325,11,361,0 
./UVM/test11500X102.png 66,27,94,62,0 74,74,109,105,0 82,121,113,160,0 23,145,58,184,0 3,204,51,262,0 310,105,349,156,0 223,219,251,251,0 349,208,388,235,0 376,325,416,361,0 184,337,255,388,0 19,361,74,396,0 
./UVM/test11500X103.png 66,27,94,62,0 74,74,109,105,0 82,121,113,160,0 23,145,58,184,0 3,204,51,262,0 310,105,349,156,0 223,219,251,251,0 349,208,388,235,0 376,325,416,361,0 184,337,255,388,0 19,361,74,396,0 
./UVM/test11500X104.png 31,82,78,133,0 215,31,270,78,0 39,168,94,200,0 204,160,223,200,0 270,184,349,223,0 251,239,310,286,0 270,364,333,408,0 
./UVM/test11500X105.png 31,82,78,133,0 215,31,270,78,0 39,168,94,200,0 204,160,223,200,0 270,184,349,223,0 251,239,310,286,0 270,364,333,408,0 
./UVM/test11500X106.png 82,19,137,58,0 156,98,211,145,0 247,74,310,133,0 353,153,380,184,0 200,184,259,231,0 266,208,337,274,0 235,278,282,321,0 317,321,368,349,0 0,274,19,313,0 255,364,298,404,0 
./UVM/test11500X107.png 82,19,137,58,0 156,98,211,145,0 247,74,310,133,0 353,153,380,184,0 200,184,259,231,0 266,208,337,274,0 235,278,282,321,0 317,321,368,349,0 0,274,19,313,0 255,364,298,404,0 
./UVM/test11500X108.png 66,219,105,270,0 23,321,47,357,0 125,0,172,70,0 196,0,235,31,0 211,86,255,137,0 270,102,321,153,0 349,105,396,156,0 368,274,416,313,0 259,361,317,396,0 125,404,180,416,0 35,368,90,412,0 
./UVM/test11500X109.png 66,219,105,270,0 23,321,47,357,0 125,0,172,70,0 196,0,235,31,0 211,86,255,137,0 270,102,321,153,0 349,105,396,156,0 368,274,416,313,0 259,361,317,396,0 125,404,180,416,0 35,368,90,412,0 
./UVM/test11500X110.png 333,39,368,90,0 168,70,208,105,0 141,117,184,149,0 82,388,125,416,0 168,149,239,211,0 302,176,349,211,0 274,274,306,310,0 
./UVM/test11500X111.png 333,39,368,90,0 168,70,208,105,0 141,117,184,149,0 82,388,125,416,0 168,149,239,211,0 302,176,349,211,0 274,274,306,310,0 
./UVM/test11500X112.png 0,255,27,329,0 90,7,141,62,0 223,113,298,176,0 74,231,113,266,0 184,219,235,262,0 290,219,333,259,0 341,278,408,317,0 345,337,416,376,0 102,361,141,412,0 
./UVM/test11500X113.png 0,255,27,329,0 90,7,141,62,0 223,113,298,176,0 74,231,113,266,0 184,219,235,262,0 290,219,333,259,0 341,278,408,317,0 345,337,416,376,0 102,361,141,412,0 
./UVM/test11500X114.png 117,0,149,23,0 19,47,66,98,0 239,121,294,149,0 82,235,125,278,0 27,290,117,364,0 160,368,215,416,0 278,361,341,408,0 384,255,416,329,0 
./UVM/test11500X115.png 117,0,149,23,0 19,47,66,98,0 239,121,294,149,0 82,235,125,278,0 27,290,117,364,0 160,368,215,416,0 278,361,341,408,0 384,255,416,329,0 
./UVM/test11500X116.png 145,15,192,70,0 215,3,247,62,0 0,19,11,66,0 11,404,66,416,0 
./UVM/test11500X117.png 145,15,192,70,0 215,3,247,62,0 0,19,11,66,0 11,404,66,416,0 
./UVM/test11500X118.png 54,3,102,58,0 223,0,251,27,0 380,19,416,66,0 353,94,404,137,0 294,156,337,184,0 298,278,337,345,0 176,117,223,160,0 78,259,137,306,0 27,160,78,188,0 243,392,270,416,0 
./UVM/test11500X119.png 54,3,102,58,0 223,0,251,27,0 380,19,416,66,0 353,94,404,137,0 294,156,337,184,0 298,278,337,345,0 176,117,223,160,0 78,259,137,306,0 27,160,78,188,0 243,392,270,416,0 
./UVM/test11500X120.png 0,102,31,145,0 380,204,412,243,0 329,102,368,156,0 243,98,274,145,0 215,153,262,208,0 227,243,270,278,0 286,278,337,325,0 361,255,412,302,0 62,412,121,416,0 156,392,219,416,0 
./UVM/test11500X121.png 0,102,31,145,0 380,204,412,243,0 329,102,368,156,0 243,98,274,145,0 215,153,262,208,0 227,243,270,278,0 286,278,337,325,0 361,255,412,302,0 62,412,121,416,0 156,392,219,416,0 
./UVM/test11500X122.png 298,0,329,23,0 0,0,31,23,0 141,66,196,121,0 396,102,416,145,0 0,302,39,372,0 259,325,313,376,0 
./UVM/test11500X123.png 298,0,329,23,0 0,0,31,23,0 141,66,196,121,0 396,102,416,145,0 0,302,39,372,0 259,325,313,376,0 
./UVM/test11500X124.png 404,0,416,23,0 129,184,192,243,0 396,302,416,372,0 231,349,270,396,0 
./UVM/test11500X125.png 404,0,416,23,0 129,184,192,243,0 396,302,416,372,0 231,349,270,396,0 
./UVM/test11500X126.png 156,78,192,125,0 196,117,251,160,0 282,149,329,204,0 259,211,298,255,0 125,259,188,310,0 
./UVM/test11500X127.png 156,78,192,125,0 196,117,251,160,0 282,149,329,204,0 259,211,298,255,0 125,259,188,310,0 
./UVM/test11500X128.png 145,43,215,86,0 204,11,259,58,0 43,113,82,160,0 90,211,164,262,0 19,313,66,380,0 125,408,172,416,0 196,404,235,416,0 
./UVM/test11500X129.png 145,43,215,86,0 204,11,259,58,0 43,113,82,160,0 90,211,164,262,0 19,313,66,380,0 125,408,172,416,0 196,404,235,416,0 
./UVM/test11500X130.png 11,94,58,145,0 86,82,141,125,0 0,239,43,278,0 82,196,109,231,0 141,145,172,196,0 156,105,200,145,0 192,235,223,270,0 286,70,333,109,0 239,196,294,255,0 310,219,364,262,0 0,306,51,353,0 
./UVM/test11500X131.png 11,94,58,145,0 86,82,141,125,0 0,239,43,278,0 82,196,109,231,0 141,145,172,196,0 156,105,200,145,0 192,235,223,270,0 286,70,333,109,0 239,196,294,255,0 310,219,364,262,0 0,306,51,353,0 
./UVM/test11500X132.png 200,0,298,31,0 102,58,149,117,0 0,149,7,180,0 11,211,58,259,0 94,278,160,321,0 235,204,310,247,0 259,306,317,361,0 408,239,416,278,0 408,306,416,353,0 
./UVM/test11500X133.png 200,0,298,31,0 102,58,149,117,0 0,149,7,180,0 11,211,58,259,0 94,278,160,321,0 235,204,310,247,0 259,306,317,361,0 408,239,416,278,0 408,306,416,353,0 
./UVM/test11500X134.png 200,0,243,31,0 219,125,259,164,0 361,149,416,180,0 364,211,400,262,0 117,392,149,416,0 333,341,384,376,0 
./UVM/test11500X135.png 200,0,243,31,0 219,125,259,164,0 361,149,416,180,0 364,211,400,262,0 117,392,149,416,0 333,341,384,376,0 
./UVM/test11500X136.png 0,23,27,66,0 54,168,117,223,0 0,337,19,368,0 
./UVM/test11500X137.png 0,23,27,66,0 54,168,117,223,0 0,337,19,368,0 
./UVM/test11500X138.png 188,121,223,168,0 90,43,121,82,0 129,145,168,200,0 94,204,153,255,0 211,270,262,310,0 400,337,416,368,0 223,384,251,416,0 137,341,168,392,0 
./UVM/test11500X139.png 188,121,223,168,0 90,43,121,82,0 129,145,168,200,0 94,204,153,255,0 211,270,262,310,0 400,337,416,368,0 223,384,251,416,0 137,341,168,392,0 
./UVM/test11500X140.png 0,141,11,184,0 286,43,337,102,0 231,117,294,156,0 105,149,168,200,0 208,208,251,259,0 31,247,94,298,0 54,317,98,376,0 
./UVM/test11500X141.png 0,141,11,184,0 286,43,337,102,0 231,117,294,156,0 105,149,168,200,0 208,208,251,259,0 31,247,94,298,0 54,317,98,376,0 
./UVM/test11500X142.png 231,0,278,11,0 282,0,321,15,0 188,11,215,47,0 15,0,62,35,0 219,223,255,266,0 317,117,345,160,0 357,82,404,125,0 388,141,416,184,0 298,400,329,416,0 0,384,31,416,0 
./UVM/test11500X143.png 231,0,278,11,0 282,0,321,15,0 188,11,215,47,0 15,0,62,35,0 219,223,255,266,0 317,117,345,160,0 357,82,404,125,0 388,141,416,184,0 298,400,329,416,0 0,384,31,416,0 
./UVM/test11500X144.png 353,0,396,23,0 317,0,349,31,0 0,313,70,364,0 141,137,196,176,0 321,208,364,243,0 349,98,388,141,0 404,384,416,416,0 172,357,239,408,0 
./UVM/test11500X145.png 353,0,396,23,0 317,0,349,31,0 0,313,70,364,0 141,137,196,176,0 321,208,364,243,0 349,98,388,141,0 404,384,416,416,0 172,357,239,408,0 
./UVM/test11500X146.png 141,105,168,137,0 105,215,141,247,0 227,149,262,208,0 333,141,400,192,0 149,192,208,239,0 113,278,156,317,0 196,274,231,313,0 223,227,255,266,0 23,368,66,416,0 
./UVM/test11500X147.png 141,105,168,137,0 105,215,141,247,0 227,149,262,208,0 333,141,400,192,0 149,192,208,239,0 113,278,156,317,0 196,274,231,313,0 223,227,255,266,0 23,368,66,416,0 
./UVM/test11500X148.png 239,51,290,98,0 35,164,82,208,0 184,259,223,302,0 3,341,47,380,0 117,364,164,408,0 184,364,243,408,0 364,215,416,266,0 364,27,416,62,0 247,156,310,200,0 329,345,372,392,0 
./UVM/test11500X149.png 239,51,290,98,0 35,164,82,208,0 184,259,223,302,0 3,341,47,380,0 117,364,164,408,0 184,364,243,408,0 364,215,416,266,0 364,27,416,62,0 247,156,310,200,0 329,345,372,392,0 
./UVM/test11500X150.png 74,0,113,31,0 372,0,400,15,0 333,306,380,349,0 380,349,416,388,0 156,86,184,145,0 208,188,259,247,0 200,317,239,376,0 31,164,102,223,0 43,368,98,400,0 
./UVM/test11500X151.png 74,0,113,31,0 372,0,400,15,0 333,306,380,349,0 380,349,416,388,0 156,86,184,145,0 208,188,259,247,0 200,317,239,376,0 31,164,102,223,0 43,368,98,400,0 
./UVM/test11500X152.png 153,0,184,15,0 11,94,47,141,0 219,39,270,70,0 243,121,294,145,0 325,380,372,412,0 200,388,298,416,0 102,329,149,380,0 
./UVM/test11500X153.png 153,0,184,15,0 11,94,47,141,0 219,39,270,70,0 243,121,294,145,0 325,380,372,412,0 200,388,298,416,0 102,329,149,380,0 
./UVM/test11500X154.png 172,0,215,31,0 184,74,215,105,0 286,133,333,168,0 184,137,231,172,0 58,121,98,156,0 117,156,164,196,0 3,262,47,325,0 208,204,259,247,0 278,247,317,294,0 306,364,349,404,0 180,306,219,364,0 200,396,243,416,0 
./UVM/test11500X155.png 172,0,215,31,0 184,74,215,105,0 286,133,333,168,0 184,137,231,172,0 58,121,98,156,0 117,156,164,196,0 3,262,47,325,0 208,204,259,247,0 278,247,317,294,0 306,364,349,404,0 180,306,219,364,0 200,396,243,416,0 
./UVM/test11500X156.png 0,141,19,192,0 113,184,180,219,0 204,294,231,333,0 
./UVM/test11500X157.png 0,141,19,192,0 113,184,180,219,0 204,294,231,333,0 
./UVM/test11500X158.png 188,43,204,82,0 102,149,149,192,0 294,156,345,211,0 380,141,416,192,0 47,310,98,357,0 15,368,47,412,0 78,364,121,412,0 
./UVM/test11500X159.png 188,43,204,82,0 102,149,149,192,0 294,156,345,211,0 380,141,416,192,0 47,310,98,357,0 15,368,47,412,0 78,364,121,412,0 
./UVM/test11500X160.png 3,0,39,35,0 105,78,137,117,0 180,82,227,137,0 310,102,353,145,0 345,70,388,109,0 176,282,231,341,0 282,357,321,404,0 
./UVM/test11500X161.png 3,0,39,35,0 105,78,137,117,0 180,82,227,137,0 310,102,353,145,0 345,70,388,109,0 176,282,231,341,0 282,357,321,404,0 
./UVM/test11500X162.png 0,0,11,23,0 54,7,109,47,0 102,78,149,117,0 361,54,404,102,0 396,200,416,231,0 70,208,105,243,0 211,235,255,278,0 90,266,141,294,0 141,325,204,372,0 231,388,278,416,0 282,388,321,416,0 
./UVM/test11500X163.png 0,0,11,23,0 54,7,109,47,0 102,78,149,117,0 361,54,404,102,0 396,200,416,231,0 70,208,105,243,0 211,235,255,278,0 90,266,141,294,0 141,325,204,372,0 231,388,278,416,0 282,388,321,416,0 
./UVM/test11500X164.png 66,0,133,35,0 11,27,58,62,0 137,78,176,109,0 286,39,341,98,0 227,259,286,313,0 388,0,416,23,0 353,408,396,416,0 290,388,333,408,0 
./UVM/test11500X165.png 66,0,133,35,0 11,27,58,62,0 137,78,176,109,0 286,39,341,98,0 227,259,286,313,0 388,0,416,23,0 353,408,396,416,0 290,388,333,408,0 
./UVM/test11500X166.png 215,121,262,160,0 164,176,211,211,0 270,266,313,310,0 188,290,227,341,0 0,278,23,306,0 
./UVM/test11500X167.png 215,121,262,160,0 164,176,211,211,0 270,266,313,310,0 188,290,227,341,0 0,278,23,306,0 
./UVM/test11500X168.png 380,31,408,66,0 0,290,23,317,0 400,278,416,306,0 282,239,321,266,0 0,361,39,408,0 200,310,274,368,0 
./UVM/test11500X169.png 380,31,408,66,0 0,290,23,317,0 400,278,416,306,0 282,239,321,266,0 0,361,39,408,0 200,310,274,368,0 
./UVM/test11500X170.png 384,11,416,39,0 66,90,105,125,0 0,357,15,388,0 19,341,82,392,0 74,404,113,416,0 168,211,196,259,0 231,129,282,168,0 408,361,416,408,0 372,404,400,416,0 
./UVM/test11500X171.png 384,11,416,39,0 66,90,105,125,0 0,357,15,388,0 19,341,82,392,0 74,404,113,416,0 168,211,196,259,0 231,129,282,168,0 408,361,416,408,0 372,404,400,416,0 
./UVM/test11500X172.png 51,141,90,184,0 74,239,113,274,0 15,353,54,408,0 176,290,215,325,0 313,15,357,62,0 357,180,392,215,0 282,255,341,298,0 235,294,266,333,0 164,361,196,392,0 215,341,266,380,0 153,404,184,416,0 396,357,416,388,0 
./UVM/test11500X173.png 51,141,90,184,0 74,239,113,274,0 15,353,54,408,0 176,290,215,325,0 313,15,357,62,0 357,180,392,215,0 282,255,341,298,0 235,294,266,333,0 164,361,196,392,0 215,341,266,380,0 153,404,184,416,0 396,357,416,388,0 
./UVM/test11500X174.png 117,109,168,149,0 337,125,380,156,0 164,208,200,255,0 105,231,156,266,0 105,270,156,317,0 27,317,90,357,0 47,372,78,404,0 105,357,149,400,0 337,184,388,227,0 
./UVM/test11500X175.png 117,109,168,149,0 337,125,380,156,0 164,208,200,255,0 105,231,156,266,0 105,270,156,317,0 27,317,90,357,0 47,372,78,404,0 105,357,149,400,0 337,184,388,227,0 
./UVM/test11500X176.png 0,0,11,43,0 211,0,270,11,0 137,109,172,153,0 78,290,137,345,0 160,282,227,341,0 
./UVM/test11500X177.png 0,0,11,43,0 211,0,270,11,0 137,109,172,153,0 78,290,137,345,0 160,282,227,341,0 
./UVM/test11500X178.png 0,47,23,98,0 51,54,90,98,0 227,23,274,47,0 368,0,416,43,0 364,200,404,235,0 54,223,113,274,0 329,294,368,357,0 
./UVM/test11500X179.png 0,47,23,98,0 51,54,90,98,0 227,23,274,47,0 368,0,416,43,0 364,200,404,235,0 54,223,113,274,0 329,294,368,357,0 
./UVM/test11500X180.png 0,0,58,39,0 133,19,172,54,0 341,0,368,27,0 388,47,416,98,0 11,109,47,141,0 255,141,306,168,0 270,329,310,357,0 3,408,39,416,0 149,325,196,364,0 
./UVM/test11500X181.png 0,0,58,39,0 133,19,172,54,0 341,0,368,27,0 388,47,416,98,0 11,109,47,141,0 255,141,306,168,0 270,329,310,357,0 3,408,39,416,0 149,325,196,364,0 
./UVM/test11500X182.png 27,137,58,172,0 113,11,156,35,0 117,47,145,58,0 98,62,121,82,0 219,47,247,78,0 247,168,286,211,0 333,125,361,168,0 90,302,145,337,0 113,376,172,408,0 
./UVM/test11500X183.png 27,137,58,172,0 113,11,156,35,0 117,47,145,58,0 98,62,121,82,0 219,47,247,78,0 247,168,286,211,0 333,125,361,168,0 90,302,145,337,0 113,376,172,408,0 
./UVM/test11500X184.png 11,0,39,23,0 11,156,58,204,0 215,145,262,204,0 62,66,102,90,0 180,306,200,345,0 66,404,133,416,0 357,43,400,70,0 388,400,416,416,0 
./UVM/test11500X185.png 11,0,39,23,0 11,156,58,204,0 215,145,262,204,0 62,66,102,90,0 180,306,200,345,0 66,404,133,416,0 357,43,400,70,0 388,400,416,416,0 
./UVM/test11500X186.png 98,0,137,23,0 227,0,266,43,0 23,86,70,121,0 15,164,58,196,0 117,62,156,98,0 219,86,259,121,0 302,105,341,137,0 333,51,396,102,0 3,231,39,262,0 94,215,160,270,0 113,313,145,341,0 200,231,235,266,0 310,302,349,325,0 19,368,54,416,0 
./UVM/test11500X187.png 98,0,137,23,0 227,0,266,43,0 23,86,70,121,0 15,164,58,196,0 117,62,156,98,0 219,86,259,121,0 302,105,341,137,0 333,51,396,102,0 3,231,39,262,0 94,215,160,270,0 113,313,145,341,0 200,231,235,266,0 310,302,349,325,0 19,368,54,416,0 
./UVM/test11500X188.png 78,0,109,39,0 176,0,215,35,0 302,0,353,51,0 27,384,54,416,0 43,137,82,168,0 102,141,145,180,0 200,129,231,160,0 243,74,282,113,0 270,129,310,153,0 243,219,286,255,0 341,102,376,133,0 
./UVM/test11500X189.png 78,0,109,39,0 176,0,215,35,0 302,0,353,51,0 27,384,54,416,0 43,137,82,168,0 102,141,145,180,0 200,129,231,160,0 243,74,282,113,0 270,129,310,153,0 243,219,286,255,0 341,102,376,133,0 
./UVM/test11500X190.png 219,3,251,51,0 247,105,274,149,0 302,11,361,62,0 117,286,168,317,0 266,317,310,361,0 
./UVM/test11500X191.png 219,3,251,51,0 247,105,274,149,0 302,11,361,62,0 117,286,168,317,0 266,317,310,361,0 
./UVM/test11500X192.png 27,11,62,39,0 11,62,54,98,0 15,156,66,192,0 255,90,294,137,0 298,54,345,102,0 357,168,384,204,0 208,317,255,361,0 117,376,160,416,0 
./UVM/test11500X193.png 27,11,62,39,0 11,62,54,98,0 15,156,66,192,0 255,90,294,137,0 298,54,345,102,0 357,168,384,204,0 208,317,255,361,0 117,376,160,416,0 
./UVM/test11500X194.png 345,23,384,54,0 259,113,298,149,0 98,188,129,219,0 15,302,31,333,0 215,204,247,239,0 141,353,180,384,0 
./UVM/test11500X195.png 345,23,384,54,0 259,113,298,149,0 98,188,129,219,0 15,302,31,333,0 215,204,247,239,0 141,353,180,384,0 
./UVM/test196.png 0,0,54,23,0 102,62,156,98,0 
./UVM/test197.png 0,0,54,23,0 102,62,156,98,0 
./UVM/test198.png 19,90,86,113,0 262,43,345,98,0 
./UVM/test199.png 19,90,86,113,0 262,43,345,98,0 
./UVM/test200.png 70,35,121,78,0 176,43,223,105,0 
./UVM/test201.png 70,35,121,78,0 176,43,223,105,0 
./UVM/test202.png 153,0,208,15,0 255,0,306,27,0 341,0,396,47,0 
./UVM/test203.png 153,0,208,15,0 255,0,306,27,0 341,0,396,47,0 
./UVM/test204.png 27,43,90,70,0 0,82,7,117,0 200,35,262,70,0 294,23,364,66,0 
./UVM/test205.png 27,43,90,70,0 0,82,7,117,0 200,35,262,70,0 294,23,364,66,0 
./UVM/test206.png 19,15,58,70,0 251,15,294,70,0 380,82,416,117,0 
./UVM/test207.png 19,15,58,70,0 251,15,294,70,0 380,82,416,117,0 
./UVM/test208.png 172,0,208,7,0 62,7,113,54,0 31,78,86,105,0 113,58,141,98,0 
./UVM/test209.png 172,0,208,7,0 62,7,113,54,0 31,78,86,105,0 113,58,141,98,0 
./UVM/test210.png 168,3,239,58,0 282,0,321,62,0 
./UVM/test211.png 168,3,239,58,0 282,0,321,62,0 
./UVM/test212.png 160,58,235,121,0 0,78,11,125,0 0,380,54,416,0 0,231,19,294,0 0,121,43,176,0 66,176,121,215,0 156,208,184,251,0 239,278,259,333,0 39,243,66,270,0 
./UVM/test213.png 160,58,235,121,0 0,78,11,125,0 0,380,54,416,0 0,231,19,294,0 0,121,43,176,0 66,176,121,215,0 156,208,184,251,0 239,278,259,333,0 39,243,66,270,0 
./UVM/test214.png 19,0,58,39,0 208,27,266,102,0 392,78,416,125,0 184,129,223,172,0 117,168,168,204,0 0,141,23,196,0 94,286,141,321,0 102,333,149,368,0 223,251,278,306,0 215,349,262,400,0 317,321,353,361,0 361,290,416,364,0 376,231,416,294,0 
./UVM/test215.png 19,0,58,39,0 208,27,266,102,0 392,78,416,125,0 184,129,223,172,0 117,168,168,204,0 0,141,23,196,0 94,286,141,321,0 102,333,149,368,0 223,251,278,306,0 215,349,262,400,0 317,321,353,361,0 361,290,416,364,0 376,231,416,294,0 
./UVM/test216.png 35,47,105,94,0 0,153,7,204,0 90,145,153,204,0 208,168,227,211,0 211,204,262,251,0 302,0,372,35,0 372,74,412,102,0 384,141,416,196,0 
./UVM/test217.png 35,47,105,94,0 0,153,7,204,0 90,145,153,204,0 208,168,227,211,0 211,204,262,251,0 302,0,372,35,0 372,74,412,102,0 384,141,416,196,0 
./UVM/test218.png 0,19,27,70,0 47,94,109,141,0 0,306,47,341,0 102,361,156,416,0 286,361,325,412,0 310,286,361,349,0 388,153,416,204,0 
./UVM/test219.png 0,19,27,70,0 47,94,109,141,0 0,306,47,341,0 102,361,156,416,0 286,361,325,412,0 310,286,361,349,0 388,153,416,204,0 
./UVM/test220.png 0,211,51,270,0 66,321,117,364,0 153,396,208,416,0 160,82,243,149,0 325,0,368,39,0 384,19,416,70,0 333,231,372,294,0 270,310,341,372,0 215,337,259,372,0 255,388,306,416,0 341,404,396,416,0 408,306,416,341,0 
./UVM/test221.png 0,211,51,270,0 66,321,117,364,0 153,396,208,416,0 160,82,243,149,0 325,0,368,39,0 384,19,416,70,0 333,231,372,294,0 270,310,341,372,0 215,337,259,372,0 255,388,306,416,0 341,404,396,416,0 408,306,416,341,0 
./UVM/test222.png 227,23,294,74,0 211,176,262,211,0 160,98,192,141,0 255,133,310,176,0 66,286,102,341,0 270,321,325,364,0 227,223,290,262,0 400,211,416,270,0 
./UVM/test223.png 227,23,294,74,0 211,176,262,211,0 160,98,192,141,0 255,133,310,176,0 66,286,102,341,0 270,321,325,364,0 227,223,290,262,0 400,211,416,270,0 
./UVM/test224.png 345,78,400,121,0 78,90,121,133,0 11,82,74,117,0 31,141,58,188,0 74,145,105,196,0 102,188,145,231,0 31,282,74,325,0 278,278,306,321,0 
./UVM/test225.png 345,78,400,121,0 78,90,121,133,0 11,82,74,117,0 31,141,58,188,0 74,145,105,196,0 102,188,145,231,0 31,282,74,325,0 278,278,306,321,0 
./UVM/test226.png 0,302,15,364,0 98,215,125,251,0 141,278,196,317,0 141,345,172,392,0 172,372,208,416,0 259,153,282,215,0 310,129,357,176,0 317,188,364,235,0 313,294,353,341,0 
./UVM/test227.png 0,302,15,364,0 98,215,125,251,0 141,278,196,317,0 141,345,172,392,0 172,372,208,416,0 259,153,282,215,0 310,129,357,176,0 317,188,364,235,0 313,294,353,341,0 
./UVM/test228.png 368,0,404,43,0 380,62,416,98,0 353,125,388,164,0 0,156,15,208,0 74,302,125,364,0 376,302,416,364,0 
./UVM/test229.png 368,0,404,43,0 380,62,416,98,0 353,125,388,164,0 0,156,15,208,0 74,302,125,364,0 376,302,416,364,0 
./UVM/test230.png 196,0,266,35,0 368,156,416,208,0 313,211,372,255,0 66,211,113,243,0 102,337,168,392,0 7,353,74,400,0 
./UVM/test231.png 196,0,266,35,0 368,156,416,208,0 313,211,372,255,0 66,211,113,243,0 102,337,168,392,0 7,353,74,400,0 
./UVM/test232.png 156,94,208,156,0 0,105,39,156,0 243,341,270,376,0 
./UVM/test233.png 156,94,208,156,0 0,105,39,156,0 243,341,270,376,0 
./UVM/test234.png 262,121,329,168,0 149,27,196,74,0 11,255,78,298,0 145,223,168,262,0 19,400,58,416,0 
./UVM/test235.png 262,121,329,168,0 149,27,196,74,0 11,255,78,298,0 145,223,168,262,0 19,400,58,416,0 
./UVM/test236.png 0,109,7,168,0 113,196,153,243,0 200,180,255,227,0 294,133,337,188,0 86,298,137,345,0 153,278,200,329,0 282,227,329,290,0 255,333,306,388,0 302,388,372,416,0 
./UVM/test237.png 0,109,7,168,0 113,196,153,243,0 200,180,255,227,0 294,133,337,188,0 86,298,137,345,0 153,278,200,329,0 282,227,329,290,0 255,333,306,388,0 302,388,372,416,0 
./UVM/test238.png 188,0,235,66,0 329,19,372,62,0 364,109,416,168,0 223,109,290,156,0 74,102,102,149,0 113,149,153,192,0 0,231,23,266,0 54,345,94,380,0 176,372,239,408,0 270,290,313,357,0 329,333,361,372,0 
./UVM/test239.png 188,0,235,66,0 329,19,372,62,0 364,109,416,168,0 223,109,290,156,0 74,102,102,149,0 113,149,153,192,0 0,231,23,266,0 54,345,94,380,0 176,372,239,408,0 270,290,313,357,0 329,333,361,372,0 
./UVM/test240.png 294,19,329,82,0 266,156,290,184,0 408,231,416,266,0 298,294,353,349,0 7,294,90,341,0 325,400,368,416,0 
./UVM/test241.png 294,19,329,82,0 266,156,290,184,0 408,231,416,266,0 298,294,353,349,0 7,294,90,341,0 325,400,368,416,0 
./UVM/test242.png 54,0,113,27,0 184,3,211,39,0 341,0,396,43,0 129,102,168,145,0 180,149,208,168,0 117,239,176,294,0 86,298,129,321,0 137,306,192,345,0 0,208,23,239,0 345,196,396,274,0 262,290,290,321,0 361,349,416,396,0 62,357,117,408,0 
./UVM/test243.png 54,0,113,27,0 184,3,211,39,0 341,0,396,43,0 129,102,168,145,0 180,149,208,168,0 117,239,176,294,0 86,298,129,321,0 137,306,192,345,0 0,208,23,239,0 345,196,396,274,0 262,290,290,321,0 361,349,416,396,0 62,357,117,408,0 
./UVM/test244.png 243,11,274,51,0 98,23,129,62,0 23,35,54,78,0 62,223,98,255,0 62,302,105,337,0 168,329,215,353,0 251,262,286,306,0 
./UVM/test245.png 243,11,274,51,0 98,23,129,62,0 23,35,54,78,0 62,223,98,255,0 62,302,105,337,0 168,329,215,353,0 251,262,286,306,0 
./UVM/test246.png 15,0,66,19,0 0,78,39,133,0 227,113,270,156,0 325,160,384,208,0 235,196,310,235,0 0,298,15,345,0 149,262,211,321,0 
./UVM/test247.png 15,0,66,19,0 0,78,39,133,0 227,113,270,156,0 325,160,384,208,0 235,196,310,235,0 0,298,15,345,0 149,262,211,321,0 
./UVM/test248.png 47,0,102,3,0 125,0,188,31,0 282,0,325,23,0 184,62,231,94,0 141,113,200,149,0 321,54,368,90,0 400,78,416,133,0 302,231,353,259,0 270,282,310,310,0 325,294,364,329,0 392,298,416,345,0 109,349,164,416,0 368,404,404,416,0 
./UVM/test249.png 47,0,102,3,0 125,0,188,31,0 282,0,325,23,0 184,62,231,94,0 141,113,200,149,0 321,54,368,90,0 400,78,416,133,0 302,231,353,259,0 270,282,310,310,0 325,294,364,329,0 392,298,416,345,0 109,349,164,416,0 368,404,404,416,0 
./UVM/test250.png 7,43,35,113,0 302,0,345,19,0 286,113,321,149,0 51,247,121,286,0 204,239,239,294,0 317,313,361,353,0 259,329,290,368,0 196,341,239,380,0 196,396,266,416,0 
./UVM/test251.png 7,43,35,113,0 302,0,345,19,0 286,113,321,149,0 51,247,121,286,0 204,239,239,294,0 317,313,361,353,0 259,329,290,368,0 196,341,239,380,0 196,396,266,416,0 
./UVM/test252.png 51,0,74,43,0 19,113,62,160,0 0,156,19,227,0 168,274,223,357,0 
./UVM/test253.png 51,0,74,43,0 19,113,62,160,0 0,156,19,227,0 168,274,223,357,0 
./UVM/test254.png 3,70,66,109,0 262,82,310,125,0 384,156,416,227,0 262,196,294,239,0 184,266,266,333,0 0,251,62,306,0 0,317,7,368,0 
./UVM/test255.png 3,70,66,109,0 262,82,310,125,0 384,156,416,227,0 262,196,294,239,0 184,266,266,333,0 0,251,62,306,0 0,317,7,368,0 
./UVM/test256.png 0,31,11,74,0 66,137,117,176,0 129,184,156,215,0 192,176,243,247,0 306,70,345,117,0 133,345,180,404,0 102,235,145,274,0 404,251,416,306,0 357,317,416,368,0 
./UVM/test257.png 0,31,11,74,0 66,137,117,176,0 129,184,156,215,0 192,176,243,247,0 306,70,345,117,0 133,345,180,404,0 102,235,145,274,0 404,251,416,306,0 357,317,416,368,0 
./UVM/test258.png 70,27,117,70,0 388,31,416,74,0 160,192,208,239,0 62,298,141,361,0 23,364,78,400,0 188,404,235,416,0 196,329,235,368,0 239,302,302,404,0 333,251,368,317,0 
./UVM/test259.png 70,27,117,70,0 388,31,416,74,0 160,192,208,239,0 62,298,141,361,0 23,364,78,400,0 188,404,235,416,0 196,329,235,368,0 239,302,302,404,0 333,251,368,317,0 
./UVM/test260.png 3,0,39,27,0 58,11,109,47,0 39,54,94,98,0 129,58,176,102,0 208,0,259,43,0 0,141,43,180,0 0,282,31,317,0 306,239,357,290,0 
./UVM/test261.png 3,0,39,27,0 58,11,109,47,0 39,54,94,98,0 129,58,176,102,0 208,0,259,43,0 0,141,43,180,0 0,282,31,317,0 306,239,357,290,0 
./UVM/test262.png 3,113,39,168,0 117,153,160,196,0 325,31,357,54,0 333,70,384,98,0 404,141,416,180,0 149,329,200,376,0 94,345,129,376,0 54,404,113,416,0 259,364,282,404,0 341,412,396,416,0 
./UVM/test263.png 3,113,39,168,0 117,153,160,196,0 325,31,357,54,0 333,70,384,98,0 404,141,416,180,0 149,329,200,376,0 94,345,129,376,0 54,404,113,416,0 259,364,282,404,0 341,412,396,416,0 
./UVM/test264.png 262,27,298,94,0 325,82,376,145,0 0,58,7,94,0 70,19,117,58,0 211,184,255,227,0 
./UVM/test265.png 262,27,298,94,0 325,82,376,145,0 0,58,7,94,0 70,19,117,58,0 211,184,255,227,0 
./UVM/test266.png 11,0,54,35,0 259,19,310,82,0 172,15,211,54,0 384,58,416,94,0 47,266,78,310,0 176,282,235,333,0 364,282,404,329,0 78,376,113,408,0 15,408,66,416,0 
./UVM/test267.png 11,0,54,35,0 259,19,310,82,0 172,15,211,54,0 384,58,416,94,0 47,266,78,310,0 176,282,235,333,0 364,282,404,329,0 78,376,113,408,0 15,408,66,416,0 
./UVM/test268.png 208,0,239,27,0 78,43,121,98,0 47,372,102,416,0 121,333,176,372,0 125,396,188,416,0 243,102,282,137,0 160,47,208,78,0 86,227,117,255,0 239,235,282,266,0 243,321,294,372,0 282,392,325,416,0 384,321,416,357,0 
./UVM/test269.png 208,0,239,27,0 78,43,121,98,0 47,372,102,416,0 121,333,176,372,0 125,396,188,416,0 243,102,282,137,0 160,47,208,78,0 86,227,117,255,0 239,235,282,266,0 243,321,294,372,0 282,392,325,416,0 384,321,416,357,0 
./UVM/test270.png 3,11,86,58,0 66,0,141,31,0 302,27,345,78,0 223,82,274,129,0 137,164,172,200,0 11,145,31,200,0 102,302,160,353,0 27,321,66,380,0 302,396,345,416,0 
./UVM/test271.png 3,11,86,58,0 66,0,141,31,0 302,27,345,78,0 223,82,274,129,0 137,164,172,200,0 11,145,31,200,0 102,302,160,353,0 27,321,66,380,0 302,396,345,416,0 
./UVM/test272.png 137,321,180,349,0 51,396,74,416,0 
./UVM/test273.png 137,321,180,349,0 51,396,74,416,0 
./UVM/test274.png 282,0,325,31,0 329,39,396,90,0 223,102,290,160,0 188,15,235,39,0 149,47,184,74,0 353,219,388,255,0 204,274,235,313,0 102,286,156,317,0 47,302,102,349,0 125,325,184,376,0 
./UVM/test275.png 282,0,325,31,0 329,39,396,90,0 223,102,290,160,0 188,15,235,39,0 149,47,184,74,0 353,219,388,255,0 204,274,235,313,0 102,286,156,317,0 47,302,102,349,0 125,325,184,376,0 
./UVM/test276.png 94,0,141,19,0 94,31,149,54,0 3,109,35,141,0 200,51,239,90,0 274,51,317,90,0 302,156,349,180,0 364,270,404,298,0 78,270,137,325,0 
./UVM/test277.png 94,0,141,19,0 94,31,149,54,0 3,109,35,141,0 200,51,239,90,0 274,51,317,90,0 302,156,349,180,0 364,270,404,298,0 78,270,137,325,0 
./UVM/test278.png 0,94,27,117,0 0,290,23,313,0 160,208,192,235,0 219,239,255,274,0 321,290,396,329,0 227,329,274,380,0 
./UVM/test279.png 0,94,27,117,0 0,290,23,313,0 160,208,192,235,0 219,239,255,274,0 321,290,396,329,0 227,329,274,380,0 
./UVM/test280.png 0,19,15,51,0 117,11,176,43,0 239,7,290,78,0 172,117,208,172,0 255,160,302,196,0 400,290,416,313,0 3,380,39,416,0 
./UVM/test281.png 0,19,15,51,0 117,11,176,43,0 239,7,290,78,0 172,117,208,172,0 255,160,302,196,0 400,290,416,313,0 3,380,39,416,0 
./UVM/test282.png 223,27,266,62,0 396,19,416,51,0 0,94,15,145,0 43,125,102,176,0 141,255,192,306,0 31,345,78,380,0 0,239,47,286,0 247,278,298,313,0 282,376,325,408,0 
./UVM/test283.png 223,27,266,62,0 396,19,416,51,0 0,94,15,145,0 43,125,102,176,0 141,255,192,306,0 31,345,78,380,0 0,239,47,286,0 247,278,298,313,0 282,376,325,408,0 
./UVM/test284.png 125,0,180,31,0 0,121,23,160,0 31,94,62,145,0 74,105,125,160,0 262,160,298,200,0 400,94,416,145,0 278,235,313,266,0 223,274,266,317,0 282,357,313,392,0 
./UVM/test285.png 125,0,180,31,0 0,121,23,160,0 31,94,62,145,0 74,105,125,160,0 262,160,298,200,0 400,94,416,145,0 278,235,313,266,0 223,274,266,317,0 282,357,313,392,0 
./UVM/test286.png 82,0,125,15,0 0,192,7,235,0 35,137,78,184,0 43,274,70,325,0 11,400,54,416,0 302,113,353,164,0 290,333,345,376,0 
./UVM/test287.png 82,0,125,15,0 0,192,7,235,0 35,137,78,184,0 43,274,70,325,0 11,400,54,416,0 302,113,353,164,0 290,333,345,376,0 
./UVM/test288.png 35,0,86,47,0 0,337,31,388,0 90,345,125,388,0 188,211,211,259,0 384,192,416,235,0 215,361,239,392,0 208,408,239,416,0 
./UVM/test289.png 35,0,86,47,0 0,337,31,388,0 90,345,125,388,0 188,211,211,259,0 384,192,416,235,0 215,361,239,392,0 208,408,239,416,0 
./UVM/test290.png 3,3,27,43,0 94,7,149,62,0 141,54,164,86,0 160,0,215,7,0 235,78,290,121,0 54,149,98,188,0 160,153,196,192,0 196,172,211,200,0 58,204,113,266,0 39,325,109,368,0 7,368,47,400,0 66,388,141,416,0 192,376,231,412,0 384,337,416,388,0 
./UVM/test291.png 3,3,27,43,0 94,7,149,62,0 141,54,164,86,0 160,0,215,7,0 235,78,290,121,0 54,149,98,188,0 160,153,196,192,0 196,172,211,200,0 58,204,113,266,0 39,325,109,368,0 7,368,47,400,0 66,388,141,416,0 192,376,231,412,0 384,337,416,388,0 
./UVM/test292.png 11,0,66,31,0 0,66,31,121,0 43,121,82,168,0 109,145,160,200,0 47,192,82,239,0 
./UVM/test293.png 11,0,66,31,0 0,66,31,121,0 43,121,82,168,0 109,145,160,200,0 47,192,82,239,0 
./UVM/test294.png 168,3,219,43,0 243,0,270,19,0 15,180,54,231,0 247,70,278,113,0 388,66,416,121,0 259,262,306,306,0 102,290,156,325,0 204,310,259,345,0 160,361,200,400,0 266,341,302,380,0 282,404,325,416,0 
./UVM/test295.png 168,3,219,43,0 243,0,270,19,0 15,180,54,231,0 247,70,278,113,0 388,66,416,121,0 259,262,306,306,0 102,290,156,325,0 204,310,259,345,0 160,361,200,400,0 266,341,302,380,0 282,404,325,416,0 
./UVM/test296.png 62,0,121,51,0 156,0,219,39,0 266,11,298,51,0 137,121,200,172,0 266,90,317,129,0 204,192,239,219,0 94,396,141,416,0 0,325,11,361,0 
./UVM/test297.png 62,0,121,51,0 156,0,219,39,0 266,11,298,51,0 137,121,200,172,0 266,90,317,129,0 204,192,239,219,0 94,396,141,416,0 0,325,11,361,0 
./UVM/test298.png 66,27,94,62,0 74,74,109,105,0 82,121,113,160,0 23,145,58,184,0 3,204,51,262,0 310,105,349,156,0 223,219,251,251,0 349,208,388,235,0 376,325,416,361,0 184,337,255,388,0 19,361,74,396,0 
./UVM/test299.png 66,27,94,62,0 74,74,109,105,0 82,121,113,160,0 23,145,58,184,0 3,204,51,262,0 310,105,349,156,0 223,219,251,251,0 349,208,388,235,0 376,325,416,361,0 184,337,255,388,0 19,361,74,396,0 
./UVM/test300.png 31,82,78,133,0 215,31,270,78,0 39,168,94,200,0 204,160,223,200,0 270,184,349,223,0 251,239,310,286,0 270,364,333,408,0 
./UVM/test301.png 31,82,78,133,0 215,31,270,78,0 39,168,94,200,0 204,160,223,200,0 270,184,349,223,0 251,239,310,286,0 270,364,333,408,0 
./UVM/test302.png 82,19,137,58,0 156,98,211,145,0 247,74,310,133,0 353,153,380,184,0 200,184,259,231,0 266,208,337,274,0 235,278,282,321,0 317,321,368,349,0 0,274,19,313,0 255,364,298,404,0 
./UVM/test303.png 82,19,137,58,0 156,98,211,145,0 247,74,310,133,0 353,153,380,184,0 200,184,259,231,0 266,208,337,274,0 235,278,282,321,0 317,321,368,349,0 0,274,19,313,0 255,364,298,404,0 
./UVM/test304.png 66,219,105,270,0 23,321,47,357,0 125,0,172,70,0 196,0,235,31,0 211,86,255,137,0 270,102,321,153,0 349,105,396,156,0 368,274,416,313,0 259,361,317,396,0 125,404,180,416,0 35,368,90,412,0 
./UVM/test305.png 66,219,105,270,0 23,321,47,357,0 125,0,172,70,0 196,0,235,31,0 211,86,255,137,0 270,102,321,153,0 349,105,396,156,0 368,274,416,313,0 259,361,317,396,0 125,404,180,416,0 35,368,90,412,0 
./UVM/test306.png 333,39,368,90,0 168,70,208,105,0 141,117,184,149,0 82,388,125,416,0 168,149,239,211,0 302,176,349,211,0 274,274,306,310,0 
./UVM/test307.png 333,39,368,90,0 168,70,208,105,0 141,117,184,149,0 82,388,125,416,0 168,149,239,211,0 302,176,349,211,0 274,274,306,310,0 
./UVM/test308.png 0,255,27,329,0 90,7,141,62,0 223,113,298,176,0 74,231,113,266,0 184,219,235,262,0 290,219,333,259,0 341,278,408,317,0 345,337,416,376,0 102,361,141,412,0 
./UVM/test309.png 0,255,27,329,0 90,7,141,62,0 223,113,298,176,0 74,231,113,266,0 184,219,235,262,0 290,219,333,259,0 341,278,408,317,0 345,337,416,376,0 102,361,141,412,0 
./UVM/test310.png 117,0,149,23,0 19,47,66,98,0 239,121,294,149,0 82,235,125,278,0 27,290,117,364,0 160,368,215,416,0 278,361,341,408,0 384,255,416,329,0 
./UVM/test311.png 117,0,149,23,0 19,47,66,98,0 239,121,294,149,0 82,235,125,278,0 27,290,117,364,0 160,368,215,416,0 278,361,341,408,0 384,255,416,329,0 
./UVM/test312.png 145,15,192,70,0 215,3,247,62,0 0,19,11,66,0 11,404,66,416,0 
./UVM/test313.png 145,15,192,70,0 215,3,247,62,0 0,19,11,66,0 11,404,66,416,0 
./UVM/test314.png 54,3,102,58,0 223,0,251,27,0 380,19,416,66,0 353,94,404,137,0 294,156,337,184,0 298,278,337,345,0 176,117,223,160,0 78,259,137,306,0 27,160,78,188,0 243,392,270,416,0 
./UVM/test315.png 54,3,102,58,0 223,0,251,27,0 380,19,416,66,0 353,94,404,137,0 294,156,337,184,0 298,278,337,345,0 176,117,223,160,0 78,259,137,306,0 27,160,78,188,0 243,392,270,416,0 
./UVM/test316.png 0,102,31,145,0 380,204,412,243,0 329,102,368,156,0 243,98,274,145,0 215,153,262,208,0 227,243,270,278,0 286,278,337,325,0 361,255,412,302,0 62,412,121,416,0 156,392,219,416,0 
./UVM/test317.png 0,102,31,145,0 380,204,412,243,0 329,102,368,156,0 243,98,274,145,0 215,153,262,208,0 227,243,270,278,0 286,278,337,325,0 361,255,412,302,0 62,412,121,416,0 156,392,219,416,0 
./UVM/test318.png 298,0,329,23,0 0,0,31,23,0 141,66,196,121,0 396,102,416,145,0 0,302,39,372,0 259,325,313,376,0 
./UVM/test319.png 298,0,329,23,0 0,0,31,23,0 141,66,196,121,0 396,102,416,145,0 0,302,39,372,0 259,325,313,376,0 
./UVM/test320.png 404,0,416,23,0 129,184,192,243,0 396,302,416,372,0 231,349,270,396,0 
./UVM/test321.png 404,0,416,23,0 129,184,192,243,0 396,302,416,372,0 231,349,270,396,0 
./UVM/test322.png 156,78,192,125,0 196,117,251,160,0 282,149,329,204,0 259,211,298,255,0 125,259,188,310,0 
./UVM/test323.png 156,78,192,125,0 196,117,251,160,0 282,149,329,204,0 259,211,298,255,0 125,259,188,310,0 
./UVM/test324.png 145,43,215,86,0 204,11,259,58,0 43,113,82,160,0 90,211,164,262,0 19,313,66,380,0 125,408,172,416,0 196,404,235,416,0 
./UVM/test325.png 145,43,215,86,0 204,11,259,58,0 43,113,82,160,0 90,211,164,262,0 19,313,66,380,0 125,408,172,416,0 196,404,235,416,0 
./UVM/test326.png 11,94,58,145,0 86,82,141,125,0 0,239,43,278,0 82,196,109,231,0 141,145,172,196,0 156,105,200,145,0 192,235,223,270,0 286,70,333,109,0 239,196,294,255,0 310,219,364,262,0 0,306,51,353,0 
./UVM/test327.png 11,94,58,145,0 86,82,141,125,0 0,239,43,278,0 82,196,109,231,0 141,145,172,196,0 156,105,200,145,0 192,235,223,270,0 286,70,333,109,0 239,196,294,255,0 310,219,364,262,0 0,306,51,353,0 
./UVM/test328.png 200,0,298,31,0 102,58,149,117,0 0,149,7,180,0 11,211,58,259,0 94,278,160,321,0 235,204,310,247,0 259,306,317,361,0 408,239,416,278,0 408,306,416,353,0 
./UVM/test329.png 200,0,298,31,0 102,58,149,117,0 0,149,7,180,0 11,211,58,259,0 94,278,160,321,0 235,204,310,247,0 259,306,317,361,0 408,239,416,278,0 408,306,416,353,0 
./UVM/test330.png 200,0,243,31,0 219,125,259,164,0 361,149,416,180,0 364,211,400,262,0 117,392,149,416,0 333,341,384,376,0 
./UVM/test331.png 200,0,243,31,0 219,125,259,164,0 361,149,416,180,0 364,211,400,262,0 117,392,149,416,0 333,341,384,376,0 
./UVM/test332.png 0,23,27,66,0 54,168,117,223,0 0,337,19,368,0 
./UVM/test333.png 0,23,27,66,0 54,168,117,223,0 0,337,19,368,0 
./UVM/test334.png 188,121,223,168,0 90,43,121,82,0 129,145,168,200,0 94,204,153,255,0 211,270,262,310,0 400,337,416,368,0 223,384,251,416,0 137,341,168,392,0 
./UVM/test335.png 188,121,223,168,0 90,43,121,82,0 129,145,168,200,0 94,204,153,255,0 211,270,262,310,0 400,337,416,368,0 223,384,251,416,0 137,341,168,392,0 
./UVM/test336.png 0,141,11,184,0 286,43,337,102,0 231,117,294,156,0 105,149,168,200,0 208,208,251,259,0 31,247,94,298,0 54,317,98,376,0 
./UVM/test337.png 0,141,11,184,0 286,43,337,102,0 231,117,294,156,0 105,149,168,200,0 208,208,251,259,0 31,247,94,298,0 54,317,98,376,0 
./UVM/test338.png 231,0,278,11,0 282,0,321,15,0 188,11,215,47,0 15,0,62,35,0 219,223,255,266,0 317,117,345,160,0 357,82,404,125,0 388,141,416,184,0 298,400,329,416,0 0,384,31,416,0 
./UVM/test339.png 231,0,278,11,0 282,0,321,15,0 188,11,215,47,0 15,0,62,35,0 219,223,255,266,0 317,117,345,160,0 357,82,404,125,0 388,141,416,184,0 298,400,329,416,0 0,384,31,416,0 
./UVM/test340.png 353,0,396,23,0 317,0,349,31,0 0,313,70,364,0 141,137,196,176,0 321,208,364,243,0 349,98,388,141,0 404,384,416,416,0 172,357,239,408,0 
./UVM/test341.png 353,0,396,23,0 317,0,349,31,0 0,313,70,364,0 141,137,196,176,0 321,208,364,243,0 349,98,388,141,0 404,384,416,416,0 172,357,239,408,0 
./UVM/test342.png 141,105,168,137,0 105,215,141,247,0 227,149,262,208,0 333,141,400,192,0 149,192,208,239,0 113,278,156,317,0 196,274,231,313,0 223,227,255,266,0 23,368,66,416,0 
./UVM/test343.png 141,105,168,137,0 105,215,141,247,0 227,149,262,208,0 333,141,400,192,0 149,192,208,239,0 113,278,156,317,0 196,274,231,313,0 223,227,255,266,0 23,368,66,416,0 
./UVM/test344.png 239,51,290,98,0 35,164,82,208,0 184,259,223,302,0 3,341,47,380,0 117,364,164,408,0 184,364,243,408,0 364,215,416,266,0 364,27,416,62,0 247,156,310,200,0 329,345,372,392,0 
./UVM/test345.png 239,51,290,98,0 35,164,82,208,0 184,259,223,302,0 3,341,47,380,0 117,364,164,408,0 184,364,243,408,0 364,215,416,266,0 364,27,416,62,0 247,156,310,200,0 329,345,372,392,0 
./UVM/test346.png 74,0,113,31,0 372,0,400,15,0 333,306,380,349,0 380,349,416,388,0 156,86,184,145,0 208,188,259,247,0 200,317,239,376,0 31,164,102,223,0 43,368,98,400,0 
./UVM/test347.png 74,0,113,31,0 372,0,400,15,0 333,306,380,349,0 380,349,416,388,0 156,86,184,145,0 208,188,259,247,0 200,317,239,376,0 31,164,102,223,0 43,368,98,400,0 
./UVM/test348.png 153,0,184,15,0 11,94,47,141,0 219,39,270,70,0 243,121,294,145,0 325,380,372,412,0 200,388,298,416,0 102,329,149,380,0 
./UVM/test349.png 153,0,184,15,0 11,94,47,141,0 219,39,270,70,0 243,121,294,145,0 325,380,372,412,0 200,388,298,416,0 102,329,149,380,0 
./UVM/test350.png 172,0,215,31,0 184,74,215,105,0 286,133,333,168,0 184,137,231,172,0 58,121,98,156,0 117,156,164,196,0 3,262,47,325,0 208,204,259,247,0 278,247,317,294,0 306,364,349,404,0 180,306,219,364,0 200,396,243,416,0 
./UVM/test351.png 172,0,215,31,0 184,74,215,105,0 286,133,333,168,0 184,137,231,172,0 58,121,98,156,0 117,156,164,196,0 3,262,47,325,0 208,204,259,247,0 278,247,317,294,0 306,364,349,404,0 180,306,219,364,0 200,396,243,416,0 
./UVM/test352.png 0,141,19,192,0 113,184,180,219,0 204,294,231,333,0 
./UVM/test353.png 0,141,19,192,0 113,184,180,219,0 204,294,231,333,0 
./UVM/test354.png 188,43,204,82,0 102,149,149,192,0 294,156,345,211,0 380,141,416,192,0 47,310,98,357,0 15,368,47,412,0 78,364,121,412,0 
./UVM/test355.png 188,43,204,82,0 102,149,149,192,0 294,156,345,211,0 380,141,416,192,0 47,310,98,357,0 15,368,47,412,0 78,364,121,412,0 
./UVM/test356.png 3,0,39,35,0 105,78,137,117,0 180,82,227,137,0 310,102,353,145,0 345,70,388,109,0 176,282,231,341,0 282,357,321,404,0 
./UVM/test357.png 3,0,39,35,0 105,78,137,117,0 180,82,227,137,0 310,102,353,145,0 345,70,388,109,0 176,282,231,341,0 282,357,321,404,0 
./UVM/test358.png 0,0,11,23,0 54,7,109,47,0 102,78,149,117,0 361,54,404,102,0 396,200,416,231,0 70,208,105,243,0 211,235,255,278,0 90,266,141,294,0 141,325,204,372,0 231,388,278,416,0 282,388,321,416,0 
./UVM/test359.png 0,0,11,23,0 54,7,109,47,0 102,78,149,117,0 361,54,404,102,0 396,200,416,231,0 70,208,105,243,0 211,235,255,278,0 90,266,141,294,0 141,325,204,372,0 231,388,278,416,0 282,388,321,416,0 
./UVM/test360.png 66,0,133,35,0 11,27,58,62,0 137,78,176,109,0 286,39,341,98,0 227,259,286,313,0 388,0,416,23,0 353,408,396,416,0 290,388,333,408,0 
./UVM/test361.png 66,0,133,35,0 11,27,58,62,0 137,78,176,109,0 286,39,341,98,0 227,259,286,313,0 388,0,416,23,0 353,408,396,416,0 290,388,333,408,0 
./UVM/test362.png 215,121,262,160,0 164,176,211,211,0 270,266,313,310,0 188,290,227,341,0 0,278,23,306,0 
./UVM/test363.png 215,121,262,160,0 164,176,211,211,0 270,266,313,310,0 188,290,227,341,0 0,278,23,306,0 
./UVM/test364.png 380,31,408,66,0 0,290,23,317,0 400,278,416,306,0 282,239,321,266,0 0,361,39,408,0 200,310,274,368,0 
./UVM/test365.png 380,31,408,66,0 0,290,23,317,0 400,278,416,306,0 282,239,321,266,0 0,361,39,408,0 200,310,274,368,0 
./UVM/test366.png 384,11,416,39,0 66,90,105,125,0 0,357,15,388,0 19,341,82,392,0 74,404,113,416,0 168,211,196,259,0 231,129,282,168,0 408,361,416,408,0 372,404,400,416,0 
./UVM/test367.png 384,11,416,39,0 66,90,105,125,0 0,357,15,388,0 19,341,82,392,0 74,404,113,416,0 168,211,196,259,0 231,129,282,168,0 408,361,416,408,0 372,404,400,416,0 
./UVM/test368.png 51,141,90,184,0 74,239,113,274,0 15,353,54,408,0 176,290,215,325,0 313,15,357,62,0 357,180,392,215,0 282,255,341,298,0 235,294,266,333,0 164,361,196,392,0 215,341,266,380,0 153,404,184,416,0 396,357,416,388,0 
./UVM/test369.png 51,141,90,184,0 74,239,113,274,0 15,353,54,408,0 176,290,215,325,0 313,15,357,62,0 357,180,392,215,0 282,255,341,298,0 235,294,266,333,0 164,361,196,392,0 215,341,266,380,0 153,404,184,416,0 396,357,416,388,0 
./UVM/test370.png 117,109,168,149,0 337,125,380,156,0 164,208,200,255,0 105,231,156,266,0 105,270,156,317,0 27,317,90,357,0 47,372,78,404,0 105,357,149,400,0 337,184,388,227,0 
./UVM/test371.png 117,109,168,149,0 337,125,380,156,0 164,208,200,255,0 105,231,156,266,0 105,270,156,317,0 27,317,90,357,0 47,372,78,404,0 105,357,149,400,0 337,184,388,227,0 
./UVM/test372.png 0,0,11,43,0 211,0,270,11,0 137,109,172,153,0 78,290,137,345,0 160,282,227,341,0 
./UVM/test373.png 0,0,11,43,0 211,0,270,11,0 137,109,172,153,0 78,290,137,345,0 160,282,227,341,0 
./UVM/test374.png 0,47,23,98,0 51,54,90,98,0 227,23,274,47,0 368,0,416,43,0 364,200,404,235,0 54,223,113,274,0 329,294,368,357,0 
./UVM/test375.png 0,47,23,98,0 51,54,90,98,0 227,23,274,47,0 368,0,416,43,0 364,200,404,235,0 54,223,113,274,0 329,294,368,357,0 
./UVM/test376.png 0,0,58,39,0 133,19,172,54,0 341,0,368,27,0 388,47,416,98,0 11,109,47,141,0 255,141,306,168,0 270,329,310,357,0 3,408,39,416,0 149,325,196,364,0 
./UVM/test377.png 0,0,58,39,0 133,19,172,54,0 341,0,368,27,0 388,47,416,98,0 11,109,47,141,0 255,141,306,168,0 270,329,310,357,0 3,408,39,416,0 149,325,196,364,0 
./UVM/test378.png 27,137,58,172,0 113,11,156,35,0 117,47,145,58,0 98,62,121,82,0 219,47,247,78,0 247,168,286,211,0 333,125,361,168,0 90,302,145,337,0 113,376,172,408,0 
./UVM/test379.png 27,137,58,172,0 113,11,156,35,0 117,47,145,58,0 98,62,121,82,0 219,47,247,78,0 247,168,286,211,0 333,125,361,168,0 90,302,145,337,0 113,376,172,408,0 
./UVM/test380.png 11,0,39,23,0 11,156,58,204,0 215,145,262,204,0 62,66,102,90,0 180,306,200,345,0 66,404,133,416,0 357,43,400,70,0 388,400,416,416,0 
./UVM/test381.png 11,0,39,23,0 11,156,58,204,0 215,145,262,204,0 62,66,102,90,0 180,306,200,345,0 66,404,133,416,0 357,43,400,70,0 388,400,416,416,0 
./UVM/test382.png 98,0,137,23,0 227,0,266,43,0 23,86,70,121,0 15,164,58,196,0 117,62,156,98,0 219,86,259,121,0 302,105,341,137,0 333,51,396,102,0 3,231,39,262,0 94,215,160,270,0 113,313,145,341,0 200,231,235,266,0 310,302,349,325,0 19,368,54,416,0 
./UVM/test383.png 98,0,137,23,0 227,0,266,43,0 23,86,70,121,0 15,164,58,196,0 117,62,156,98,0 219,86,259,121,0 302,105,341,137,0 333,51,396,102,0 3,231,39,262,0 94,215,160,270,0 113,313,145,341,0 200,231,235,266,0 310,302,349,325,0 19,368,54,416,0 
./UVM/test384.png 78,0,109,39,0 176,0,215,35,0 302,0,353,51,0 27,384,54,416,0 43,137,82,168,0 102,141,145,180,0 200,129,231,160,0 243,74,282,113,0 270,129,310,153,0 243,219,286,255,0 341,102,376,133,0 
./UVM/test385.png 78,0,109,39,0 176,0,215,35,0 302,0,353,51,0 27,384,54,416,0 43,137,82,168,0 102,141,145,180,0 200,129,231,160,0 243,74,282,113,0 270,129,310,153,0 243,219,286,255,0 341,102,376,133,0 
./UVM/test386.png 219,3,251,51,0 247,105,274,149,0 302,11,361,62,0 117,286,168,317,0 266,317,310,361,0 
./UVM/test387.png 219,3,251,51,0 247,105,274,149,0 302,11,361,62,0 117,286,168,317,0 266,317,310,361,0 
./UVM/test388.png 27,11,62,39,0 11,62,54,98,0 15,156,66,192,0 255,90,294,137,0 298,54,345,102,0 357,168,384,204,0 208,317,255,361,0 117,376,160,416,0 
./UVM/test389.png 27,11,62,39,0 11,62,54,98,0 15,156,66,192,0 255,90,294,137,0 298,54,345,102,0 357,168,384,204,0 208,317,255,361,0 117,376,160,416,0 
./UVM/test390.png 345,23,384,54,0 259,113,298,149,0 98,188,129,219,0 15,302,31,333,0 215,204,247,239,0 141,353,180,384,0 
./UVM/test391.png 345,23,384,54,0 259,113,298,149,0 98,188,129,219,0 15,302,31,333,0 215,204,247,239,0 141,353,180,384,0 
./UVM/test392.png 0,0,54,23,0 102,62,156,98,0 
./UVM/test393.png 0,0,54,23,0 102,62,156,98,0 
./UVM/test394.png 19,90,86,113,0 262,43,345,98,0 
./UVM/test395.png 19,90,86,113,0 262,43,345,98,0 
./UVM/test396.png 70,35,121,78,0 176,43,223,105,0 
./UVM/test397.png 70,35,121,78,0 176,43,223,105,0 
./UVM/test398.png 153,0,208,15,0 255,0,306,27,0 341,0,396,47,0 
./UVM/test399.png 153,0,208,15,0 255,0,306,27,0 341,0,396,47,0 
./UVM/test400.png 27,43,90,70,0 0,82,7,117,0 200,35,262,70,0 294,23,364,66,0 
./UVM/test401.png 27,43,90,70,0 0,82,7,117,0 200,35,262,70,0 294,23,364,66,0 
./UVM/test402.png 19,15,58,70,0 251,15,294,70,0 380,82,416,117,0 
./UVM/test403.png 19,15,58,70,0 251,15,294,70,0 380,82,416,117,0 
./UVM/test404.png 172,0,208,7,0 62,7,113,54,0 31,78,86,105,0 113,58,141,98,0 
./UVM/test405.png 172,0,208,7,0 62,7,113,54,0 31,78,86,105,0 113,58,141,98,0 
./UVM/test406.png 168,3,239,58,0 282,0,321,62,0 
./UVM/test407.png 168,3,239,58,0 282,0,321,62,0 
./UVM/test408.png 160,58,235,121,0 0,78,11,125,0 0,380,54,416,0 0,231,19,294,0 0,121,43,176,0 66,176,121,215,0 156,208,184,251,0 239,278,259,333,0 39,243,66,270,0 
./UVM/test409.png 160,58,235,121,0 0,78,11,125,0 0,380,54,416,0 0,231,19,294,0 0,121,43,176,0 66,176,121,215,0 156,208,184,251,0 239,278,259,333,0 39,243,66,270,0 
./UVM/test410.png 19,0,58,39,0 208,27,266,102,0 392,78,416,125,0 184,129,223,172,0 117,168,168,204,0 0,141,23,196,0 94,286,141,321,0 102,333,149,368,0 223,251,278,306,0 215,349,262,400,0 317,321,353,361,0 361,290,416,364,0 376,231,416,294,0 
./UVM/test411.png 19,0,58,39,0 208,27,266,102,0 392,78,416,125,0 184,129,223,172,0 117,168,168,204,0 0,141,23,196,0 94,286,141,321,0 102,333,149,368,0 223,251,278,306,0 215,349,262,400,0 317,321,353,361,0 361,290,416,364,0 376,231,416,294,0 
./UVM/test412.png 35,47,105,94,0 0,153,7,204,0 90,145,153,204,0 208,168,227,211,0 211,204,262,251,0 302,0,372,35,0 372,74,412,102,0 384,141,416,196,0 
./UVM/test413.png 35,47,105,94,0 0,153,7,204,0 90,145,153,204,0 208,168,227,211,0 211,204,262,251,0 302,0,372,35,0 372,74,412,102,0 384,141,416,196,0 
./UVM/test414.png 0,19,27,70,0 47,94,109,141,0 0,306,47,341,0 102,361,156,416,0 286,361,325,412,0 310,286,361,349,0 388,153,416,204,0 
./UVM/test415.png 0,19,27,70,0 47,94,109,141,0 0,306,47,341,0 102,361,156,416,0 286,361,325,412,0 310,286,361,349,0 388,153,416,204,0 
./UVM/test416.png 0,211,51,270,0 66,321,117,364,0 153,396,208,416,0 160,82,243,149,0 325,0,368,39,0 384,19,416,70,0 333,231,372,294,0 270,310,341,372,0 215,337,259,372,0 255,388,306,416,0 341,404,396,416,0 408,306,416,341,0 
./UVM/test417.png 0,211,51,270,0 66,321,117,364,0 153,396,208,416,0 160,82,243,149,0 325,0,368,39,0 384,19,416,70,0 333,231,372,294,0 270,310,341,372,0 215,337,259,372,0 255,388,306,416,0 341,404,396,416,0 408,306,416,341,0 
./UVM/test418.png 227,23,294,74,0 211,176,262,211,0 160,98,192,141,0 255,133,310,176,0 66,286,102,341,0 270,321,325,364,0 227,223,290,262,0 400,211,416,270,0 
./UVM/test419.png 227,23,294,74,0 211,176,262,211,0 160,98,192,141,0 255,133,310,176,0 66,286,102,341,0 270,321,325,364,0 227,223,290,262,0 400,211,416,270,0 
./UVM/test420.png 345,78,400,121,0 78,90,121,133,0 11,82,74,117,0 31,141,58,188,0 74,145,105,196,0 102,188,145,231,0 31,282,74,325,0 278,278,306,321,0 
./UVM/test421.png 345,78,400,121,0 78,90,121,133,0 11,82,74,117,0 31,141,58,188,0 74,145,105,196,0 102,188,145,231,0 31,282,74,325,0 278,278,306,321,0 
./UVM/test422.png 0,302,15,364,0 98,215,125,251,0 141,278,196,317,0 141,345,172,392,0 172,372,208,416,0 259,153,282,215,0 310,129,357,176,0 317,188,364,235,0 313,294,353,341,0 
./UVM/test423.png 0,302,15,364,0 98,215,125,251,0 141,278,196,317,0 141,345,172,392,0 172,372,208,416,0 259,153,282,215,0 310,129,357,176,0 317,188,364,235,0 313,294,353,341,0 
./UVM/test424.png 368,0,404,43,0 380,62,416,98,0 353,125,388,164,0 0,156,15,208,0 74,302,125,364,0 376,302,416,364,0 
./UVM/test425.png 368,0,404,43,0 380,62,416,98,0 353,125,388,164,0 0,156,15,208,0 74,302,125,364,0 376,302,416,364,0 
./UVM/test426.png 196,0,266,35,0 368,156,416,208,0 313,211,372,255,0 66,211,113,243,0 102,337,168,392,0 7,353,74,400,0 
./UVM/test427.png 196,0,266,35,0 368,156,416,208,0 313,211,372,255,0 66,211,113,243,0 102,337,168,392,0 7,353,74,400,0 
./UVM/test428.png 156,94,208,156,0 0,105,39,156,0 243,341,270,376,0 
./UVM/test429.png 156,94,208,156,0 0,105,39,156,0 243,341,270,376,0 
./UVM/test430.png 262,121,329,168,0 149,27,196,74,0 11,255,78,298,0 145,223,168,262,0 19,400,58,416,0 
./UVM/test431.png 262,121,329,168,0 149,27,196,74,0 11,255,78,298,0 145,223,168,262,0 19,400,58,416,0 
./UVM/test432.png 0,109,7,168,0 113,196,153,243,0 200,180,255,227,0 294,133,337,188,0 86,298,137,345,0 153,278,200,329,0 282,227,329,290,0 255,333,306,388,0 302,388,372,416,0 
./UVM/test433.png 0,109,7,168,0 113,196,153,243,0 200,180,255,227,0 294,133,337,188,0 86,298,137,345,0 153,278,200,329,0 282,227,329,290,0 255,333,306,388,0 302,388,372,416,0 
./UVM/test434.png 188,0,235,66,0 329,19,372,62,0 364,109,416,168,0 223,109,290,156,0 74,102,102,149,0 113,149,153,192,0 0,231,23,266,0 54,345,94,380,0 176,372,239,408,0 270,290,313,357,0 329,333,361,372,0 
./UVM/test435.png 188,0,235,66,0 329,19,372,62,0 364,109,416,168,0 223,109,290,156,0 74,102,102,149,0 113,149,153,192,0 0,231,23,266,0 54,345,94,380,0 176,372,239,408,0 270,290,313,357,0 329,333,361,372,0 
./UVM/test436.png 294,19,329,82,0 266,156,290,184,0 408,231,416,266,0 298,294,353,349,0 7,294,90,341,0 325,400,368,416,0 
./UVM/test437.png 294,19,329,82,0 266,156,290,184,0 408,231,416,266,0 298,294,353,349,0 7,294,90,341,0 325,400,368,416,0 
./UVM/test438.png 54,0,113,27,0 184,3,211,39,0 341,0,396,43,0 129,102,168,145,0 180,149,208,168,0 117,239,176,294,0 86,298,129,321,0 137,306,192,345,0 0,208,23,239,0 345,196,396,274,0 262,290,290,321,0 361,349,416,396,0 62,357,117,408,0 
./UVM/test439.png 54,0,113,27,0 184,3,211,39,0 341,0,396,43,0 129,102,168,145,0 180,149,208,168,0 117,239,176,294,0 86,298,129,321,0 137,306,192,345,0 0,208,23,239,0 345,196,396,274,0 262,290,290,321,0 361,349,416,396,0 62,357,117,408,0 
./UVM/test440.png 243,11,274,51,0 98,23,129,62,0 23,35,54,78,0 62,223,98,255,0 62,302,105,337,0 168,329,215,353,0 251,262,286,306,0 
./UVM/test441.png 243,11,274,51,0 98,23,129,62,0 23,35,54,78,0 62,223,98,255,0 62,302,105,337,0 168,329,215,353,0 251,262,286,306,0 
./UVM/test442.png 15,0,66,19,0 0,78,39,133,0 227,113,270,156,0 325,160,384,208,0 235,196,310,235,0 0,298,15,345,0 149,262,211,321,0 
./UVM/test443.png 15,0,66,19,0 0,78,39,133,0 227,113,270,156,0 325,160,384,208,0 235,196,310,235,0 0,298,15,345,0 149,262,211,321,0 
./UVM/test444.png 47,0,102,3,0 125,0,188,31,0 282,0,325,23,0 184,62,231,94,0 141,113,200,149,0 321,54,368,90,0 400,78,416,133,0 302,231,353,259,0 270,282,310,310,0 325,294,364,329,0 392,298,416,345,0 109,349,164,416,0 368,404,404,416,0 
./UVM/test445.png 47,0,102,3,0 125,0,188,31,0 282,0,325,23,0 184,62,231,94,0 141,113,200,149,0 321,54,368,90,0 400,78,416,133,0 302,231,353,259,0 270,282,310,310,0 325,294,364,329,0 392,298,416,345,0 109,349,164,416,0 368,404,404,416,0 
./UVM/test446.png 7,43,35,113,0 302,0,345,19,0 286,113,321,149,0 51,247,121,286,0 204,239,239,294,0 317,313,361,353,0 259,329,290,368,0 196,341,239,380,0 196,396,266,416,0 
./UVM/test447.png 7,43,35,113,0 302,0,345,19,0 286,113,321,149,0 51,247,121,286,0 204,239,239,294,0 317,313,361,353,0 259,329,290,368,0 196,341,239,380,0 196,396,266,416,0 
./UVM/test448.png 51,0,74,43,0 19,113,62,160,0 0,156,19,227,0 168,274,223,357,0 
./UVM/test449.png 51,0,74,43,0 19,113,62,160,0 0,156,19,227,0 168,274,223,357,0 
./UVM/test450.png 3,70,66,109,0 262,82,310,125,0 384,156,416,227,0 262,196,294,239,0 184,266,266,333,0 0,251,62,306,0 0,317,7,368,0 
./UVM/test451.png 3,70,66,109,0 262,82,310,125,0 384,156,416,227,0 262,196,294,239,0 184,266,266,333,0 0,251,62,306,0 0,317,7,368,0 
./UVM/test452.png 0,31,11,74,0 66,137,117,176,0 129,184,156,215,0 192,176,243,247,0 306,70,345,117,0 133,345,180,404,0 102,235,145,274,0 404,251,416,306,0 357,317,416,368,0 
./UVM/test453.png 0,31,11,74,0 66,137,117,176,0 129,184,156,215,0 192,176,243,247,0 306,70,345,117,0 133,345,180,404,0 102,235,145,274,0 404,251,416,306,0 357,317,416,368,0 
./UVM/test454.png 70,27,117,70,0 388,31,416,74,0 160,192,208,239,0 62,298,141,361,0 23,364,78,400,0 188,404,235,416,0 196,329,235,368,0 239,302,302,404,0 333,251,368,317,0 
./UVM/test455.png 70,27,117,70,0 388,31,416,74,0 160,192,208,239,0 62,298,141,361,0 23,364,78,400,0 188,404,235,416,0 196,329,235,368,0 239,302,302,404,0 333,251,368,317,0 
./UVM/test456.png 3,0,39,27,0 58,11,109,47,0 39,54,94,98,0 129,58,176,102,0 208,0,259,43,0 0,141,43,180,0 0,282,31,317,0 306,239,357,290,0 
./UVM/test457.png 3,0,39,27,0 58,11,109,47,0 39,54,94,98,0 129,58,176,102,0 208,0,259,43,0 0,141,43,180,0 0,282,31,317,0 306,239,357,290,0 
./UVM/test458.png 3,113,39,168,0 117,153,160,196,0 325,31,357,54,0 333,70,384,98,0 404,141,416,180,0 149,329,200,376,0 94,345,129,376,0 54,404,113,416,0 259,364,282,404,0 341,412,396,416,0 
./UVM/test459.png 3,113,39,168,0 117,153,160,196,0 325,31,357,54,0 333,70,384,98,0 404,141,416,180,0 149,329,200,376,0 94,345,129,376,0 54,404,113,416,0 259,364,282,404,0 341,412,396,416,0 
./UVM/test460.png 262,27,298,94,0 325,82,376,145,0 0,58,7,94,0 70,19,117,58,0 211,184,255,227,0 
./UVM/test461.png 262,27,298,94,0 325,82,376,145,0 0,58,7,94,0 70,19,117,58,0 211,184,255,227,0 
./UVM/test462.png 11,0,54,35,0 259,19,310,82,0 172,15,211,54,0 384,58,416,94,0 47,266,78,310,0 176,282,235,333,0 364,282,404,329,0 78,376,113,408,0 15,408,66,416,0 
./UVM/test463.png 11,0,54,35,0 259,19,310,82,0 172,15,211,54,0 384,58,416,94,0 47,266,78,310,0 176,282,235,333,0 364,282,404,329,0 78,376,113,408,0 15,408,66,416,0 
./UVM/test464.png 208,0,239,27,0 78,43,121,98,0 47,372,102,416,0 121,333,176,372,0 125,396,188,416,0 243,102,282,137,0 160,47,208,78,0 86,227,117,255,0 239,235,282,266,0 243,321,294,372,0 282,392,325,416,0 384,321,416,357,0 
./UVM/test465.png 208,0,239,27,0 78,43,121,98,0 47,372,102,416,0 121,333,176,372,0 125,396,188,416,0 243,102,282,137,0 160,47,208,78,0 86,227,117,255,0 239,235,282,266,0 243,321,294,372,0 282,392,325,416,0 384,321,416,357,0 
./UVM/test466.png 3,11,86,58,0 66,0,141,31,0 302,27,345,78,0 223,82,274,129,0 137,164,172,200,0 11,145,31,200,0 102,302,160,353,0 27,321,66,380,0 302,396,345,416,0 
./UVM/test467.png 3,11,86,58,0 66,0,141,31,0 302,27,345,78,0 223,82,274,129,0 137,164,172,200,0 11,145,31,200,0 102,302,160,353,0 27,321,66,380,0 302,396,345,416,0 
./UVM/test468.png 137,321,180,349,0 51,396,74,416,0 
./UVM/test469.png 137,321,180,349,0 51,396,74,416,0 
./UVM/test470.png 282,0,325,31,0 329,39,396,90,0 223,102,290,160,0 188,15,235,39,0 149,47,184,74,0 353,219,388,255,0 204,274,235,313,0 102,286,156,317,0 47,302,102,349,0 125,325,184,376,0 
./UVM/test471.png 282,0,325,31,0 329,39,396,90,0 223,102,290,160,0 188,15,235,39,0 149,47,184,74,0 353,219,388,255,0 204,274,235,313,0 102,286,156,317,0 47,302,102,349,0 125,325,184,376,0 
./UVM/test472.png 94,0,141,19,0 94,31,149,54,0 3,109,35,141,0 200,51,239,90,0 274,51,317,90,0 302,156,349,180,0 364,270,404,298,0 78,270,137,325,0 
./UVM/test473.png 94,0,141,19,0 94,31,149,54,0 3,109,35,141,0 200,51,239,90,0 274,51,317,90,0 302,156,349,180,0 364,270,404,298,0 78,270,137,325,0 
./UVM/test474.png 0,94,27,117,0 0,290,23,313,0 160,208,192,235,0 219,239,255,274,0 321,290,396,329,0 227,329,274,380,0 
./UVM/test475.png 0,94,27,117,0 0,290,23,313,0 160,208,192,235,0 219,239,255,274,0 321,290,396,329,0 227,329,274,380,0 
./UVM/test476.png 0,19,15,51,0 117,11,176,43,0 239,7,290,78,0 172,117,208,172,0 255,160,302,196,0 400,290,416,313,0 3,380,39,416,0 
./UVM/test477.png 0,19,15,51,0 117,11,176,43,0 239,7,290,78,0 172,117,208,172,0 255,160,302,196,0 400,290,416,313,0 3,380,39,416,0 
./UVM/test478.png 223,27,266,62,0 396,19,416,51,0 0,94,15,145,0 43,125,102,176,0 141,255,192,306,0 31,345,78,380,0 0,239,47,286,0 247,278,298,313,0 282,376,325,408,0 
./UVM/test479.png 223,27,266,62,0 396,19,416,51,0 0,94,15,145,0 43,125,102,176,0 141,255,192,306,0 31,345,78,380,0 0,239,47,286,0 247,278,298,313,0 282,376,325,408,0 
./UVM/test480.png 125,0,180,31,0 0,121,23,160,0 31,94,62,145,0 74,105,125,160,0 262,160,298,200,0 400,94,416,145,0 278,235,313,266,0 223,274,266,317,0 282,357,313,392,0 
./UVM/test481.png 125,0,180,31,0 0,121,23,160,0 31,94,62,145,0 74,105,125,160,0 262,160,298,200,0 400,94,416,145,0 278,235,313,266,0 223,274,266,317,0 282,357,313,392,0 
./UVM/test482.png 82,0,125,15,0 0,192,7,235,0 35,137,78,184,0 43,274,70,325,0 11,400,54,416,0 302,113,353,164,0 290,333,345,376,0 
./UVM/test483.png 82,0,125,15,0 0,192,7,235,0 35,137,78,184,0 43,274,70,325,0 11,400,54,416,0 302,113,353,164,0 290,333,345,376,0 
./UVM/test484.png 35,0,86,47,0 0,337,31,388,0 90,345,125,388,0 188,211,211,259,0 384,192,416,235,0 215,361,239,392,0 208,408,239,416,0 
./UVM/test485.png 35,0,86,47,0 0,337,31,388,0 90,345,125,388,0 188,211,211,259,0 384,192,416,235,0 215,361,239,392,0 208,408,239,416,0 
./UVM/test486.png 3,3,27,43,0 94,7,149,62,0 141,54,164,86,0 160,0,215,7,0 235,78,290,121,0 54,149,98,188,0 160,153,196,192,0 196,172,211,200,0 58,204,113,266,0 39,325,109,368,0 7,368,47,400,0 66,388,141,416,0 192,376,231,412,0 384,337,416,388,0 
./UVM/test487.png 3,3,27,43,0 94,7,149,62,0 141,54,164,86,0 160,0,215,7,0 235,78,290,121,0 54,149,98,188,0 160,153,196,192,0 196,172,211,200,0 58,204,113,266,0 39,325,109,368,0 7,368,47,400,0 66,388,141,416,0 192,376,231,412,0 384,337,416,388,0 
./UVM/test488.png 11,0,66,31,0 0,66,31,121,0 43,121,82,168,0 109,145,160,200,0 47,192,82,239,0 
./UVM/test489.png 11,0,66,31,0 0,66,31,121,0 43,121,82,168,0 109,145,160,200,0 47,192,82,239,0 
./UVM/test490.png 168,3,219,43,0 243,0,270,19,0 15,180,54,231,0 247,70,278,113,0 388,66,416,121,0 259,262,306,306,0 102,290,156,325,0 204,310,259,345,0 160,361,200,400,0 266,341,302,380,0 282,404,325,416,0 
./UVM/test491.png 168,3,219,43,0 243,0,270,19,0 15,180,54,231,0 247,70,278,113,0 388,66,416,121,0 259,262,306,306,0 102,290,156,325,0 204,310,259,345,0 160,361,200,400,0 266,341,302,380,0 282,404,325,416,0 
./UVM/test492.png 62,0,121,51,0 156,0,219,39,0 266,11,298,51,0 137,121,200,172,0 266,90,317,129,0 204,192,239,219,0 94,396,141,416,0 0,325,11,361,0 
./UVM/test493.png 62,0,121,51,0 156,0,219,39,0 266,11,298,51,0 137,121,200,172,0 266,90,317,129,0 204,192,239,219,0 94,396,141,416,0 0,325,11,361,0 
./UVM/test494.png 66,27,94,62,0 74,74,109,105,0 82,121,113,160,0 23,145,58,184,0 3,204,51,262,0 310,105,349,156,0 223,219,251,251,0 349,208,388,235,0 376,325,416,361,0 184,337,255,388,0 19,361,74,396,0 
./UVM/test495.png 66,27,94,62,0 74,74,109,105,0 82,121,113,160,0 23,145,58,184,0 3,204,51,262,0 310,105,349,156,0 223,219,251,251,0 349,208,388,235,0 376,325,416,361,0 184,337,255,388,0 19,361,74,396,0 
./UVM/test496.png 31,82,78,133,0 215,31,270,78,0 39,168,94,200,0 204,160,223,200,0 270,184,349,223,0 251,239,310,286,0 270,364,333,408,0 
./UVM/test497.png 31,82,78,133,0 215,31,270,78,0 39,168,94,200,0 204,160,223,200,0 270,184,349,223,0 251,239,310,286,0 270,364,333,408,0 
./UVM/test498.png 82,19,137,58,0 156,98,211,145,0 247,74,310,133,0 353,153,380,184,0 200,184,259,231,0 266,208,337,274,0 235,278,282,321,0 317,321,368,349,0 0,274,19,313,0 255,364,298,404,0 
./UVM/test499.png 82,19,137,58,0 156,98,211,145,0 247,74,310,133,0 353,153,380,184,0 200,184,259,231,0 266,208,337,274,0 235,278,282,321,0 317,321,368,349,0 0,274,19,313,0 255,364,298,404,0 
./UVM/test500.png 66,219,105,270,0 23,321,47,357,0 125,0,172,70,0 196,0,235,31,0 211,86,255,137,0 270,102,321,153,0 349,105,396,156,0 368,274,416,313,0 259,361,317,396,0 125,404,180,416,0 35,368,90,412,0 
./UVM/test501.png 66,219,105,270,0 23,321,47,357,0 125,0,172,70,0 196,0,235,31,0 211,86,255,137,0 270,102,321,153,0 349,105,396,156,0 368,274,416,313,0 259,361,317,396,0 125,404,180,416,0 35,368,90,412,0 
./UVM/test502.png 333,39,368,90,0 168,70,208,105,0 141,117,184,149,0 82,388,125,416,0 168,149,239,211,0 302,176,349,211,0 274,274,306,310,0 
./UVM/test503.png 333,39,368,90,0 168,70,208,105,0 141,117,184,149,0 82,388,125,416,0 168,149,239,211,0 302,176,349,211,0 274,274,306,310,0 
./UVM/test504.png 0,255,27,329,0 90,7,141,62,0 223,113,298,176,0 74,231,113,266,0 184,219,235,262,0 290,219,333,259,0 341,278,408,317,0 345,337,416,376,0 102,361,141,412,0 
./UVM/test505.png 0,255,27,329,0 90,7,141,62,0 223,113,298,176,0 74,231,113,266,0 184,219,235,262,0 290,219,333,259,0 341,278,408,317,0 345,337,416,376,0 102,361,141,412,0 
./UVM/test506.png 117,0,149,23,0 19,47,66,98,0 239,121,294,149,0 82,235,125,278,0 27,290,117,364,0 160,368,215,416,0 278,361,341,408,0 384,255,416,329,0 
./UVM/test507.png 117,0,149,23,0 19,47,66,98,0 239,121,294,149,0 82,235,125,278,0 27,290,117,364,0 160,368,215,416,0 278,361,341,408,0 384,255,416,329,0 
./UVM/test508.png 145,15,192,70,0 215,3,247,62,0 0,19,11,66,0 11,404,66,416,0 
./UVM/test509.png 145,15,192,70,0 215,3,247,62,0 0,19,11,66,0 11,404,66,416,0 
./UVM/test510.png 54,3,102,58,0 223,0,251,27,0 380,19,416,66,0 353,94,404,137,0 294,156,337,184,0 298,278,337,345,0 176,117,223,160,0 78,259,137,306,0 27,160,78,188,0 243,392,270,416,0 
./UVM/test511.png 54,3,102,58,0 223,0,251,27,0 380,19,416,66,0 353,94,404,137,0 294,156,337,184,0 298,278,337,345,0 176,117,223,160,0 78,259,137,306,0 27,160,78,188,0 243,392,270,416,0 
./UVM/test512.png 0,102,31,145,0 380,204,412,243,0 329,102,368,156,0 243,98,274,145,0 215,153,262,208,0 227,243,270,278,0 286,278,337,325,0 361,255,412,302,0 62,412,121,416,0 156,392,219,416,0 
./UVM/test513.png 0,102,31,145,0 380,204,412,243,0 329,102,368,156,0 243,98,274,145,0 215,153,262,208,0 227,243,270,278,0 286,278,337,325,0 361,255,412,302,0 62,412,121,416,0 156,392,219,416,0 
./UVM/test514.png 298,0,329,23,0 0,0,31,23,0 141,66,196,121,0 396,102,416,145,0 0,302,39,372,0 259,325,313,376,0 
./UVM/test515.png 298,0,329,23,0 0,0,31,23,0 141,66,196,121,0 396,102,416,145,0 0,302,39,372,0 259,325,313,376,0 
./UVM/test516.png 404,0,416,23,0 129,184,192,243,0 396,302,416,372,0 231,349,270,396,0 
./UVM/test517.png 404,0,416,23,0 129,184,192,243,0 396,302,416,372,0 231,349,270,396,0 
./UVM/test518.png 156,78,192,125,0 196,117,251,160,0 282,149,329,204,0 259,211,298,255,0 125,259,188,310,0 
./UVM/test519.png 156,78,192,125,0 196,117,251,160,0 282,149,329,204,0 259,211,298,255,0 125,259,188,310,0 
./UVM/test520.png 145,43,215,86,0 204,11,259,58,0 43,113,82,160,0 90,211,164,262,0 19,313,66,380,0 125,408,172,416,0 196,404,235,416,0 
./UVM/test521.png 145,43,215,86,0 204,11,259,58,0 43,113,82,160,0 90,211,164,262,0 19,313,66,380,0 125,408,172,416,0 196,404,235,416,0 
./UVM/test522.png 11,94,58,145,0 86,82,141,125,0 0,239,43,278,0 82,196,109,231,0 141,145,172,196,0 156,105,200,145,0 192,235,223,270,0 286,70,333,109,0 239,196,294,255,0 310,219,364,262,0 0,306,51,353,0 
./UVM/test523.png 11,94,58,145,0 86,82,141,125,0 0,239,43,278,0 82,196,109,231,0 141,145,172,196,0 156,105,200,145,0 192,235,223,270,0 286,70,333,109,0 239,196,294,255,0 310,219,364,262,0 0,306,51,353,0 
./UVM/test524.png 200,0,298,31,0 102,58,149,117,0 0,149,7,180,0 11,211,58,259,0 94,278,160,321,0 235,204,310,247,0 259,306,317,361,0 408,239,416,278,0 408,306,416,353,0 
./UVM/test525.png 200,0,298,31,0 102,58,149,117,0 0,149,7,180,0 11,211,58,259,0 94,278,160,321,0 235,204,310,247,0 259,306,317,361,0 408,239,416,278,0 408,306,416,353,0 
./UVM/test526.png 200,0,243,31,0 219,125,259,164,0 361,149,416,180,0 364,211,400,262,0 117,392,149,416,0 333,341,384,376,0 
./UVM/test527.png 200,0,243,31,0 219,125,259,164,0 361,149,416,180,0 364,211,400,262,0 117,392,149,416,0 333,341,384,376,0 
./UVM/test528.png 0,23,27,66,0 54,168,117,223,0 0,337,19,368,0 
./UVM/test529.png 0,23,27,66,0 54,168,117,223,0 0,337,19,368,0 
./UVM/test530.png 188,121,223,168,0 90,43,121,82,0 129,145,168,200,0 94,204,153,255,0 211,270,262,310,0 400,337,416,368,0 223,384,251,416,0 137,341,168,392,0 
./UVM/test531.png 188,121,223,168,0 90,43,121,82,0 129,145,168,200,0 94,204,153,255,0 211,270,262,310,0 400,337,416,368,0 223,384,251,416,0 137,341,168,392,0 
./UVM/test532.png 0,141,11,184,0 286,43,337,102,0 231,117,294,156,0 105,149,168,200,0 208,208,251,259,0 31,247,94,298,0 54,317,98,376,0 
./UVM/test533.png 0,141,11,184,0 286,43,337,102,0 231,117,294,156,0 105,149,168,200,0 208,208,251,259,0 31,247,94,298,0 54,317,98,376,0 
./UVM/test534.png 231,0,278,11,0 282,0,321,15,0 188,11,215,47,0 15,0,62,35,0 219,223,255,266,0 317,117,345,160,0 357,82,404,125,0 388,141,416,184,0 298,400,329,416,0 0,384,31,416,0 
./UVM/test535.png 231,0,278,11,0 282,0,321,15,0 188,11,215,47,0 15,0,62,35,0 219,223,255,266,0 317,117,345,160,0 357,82,404,125,0 388,141,416,184,0 298,400,329,416,0 0,384,31,416,0 
./UVM/test536.png 353,0,396,23,0 317,0,349,31,0 0,313,70,364,0 141,137,196,176,0 321,208,364,243,0 349,98,388,141,0 404,384,416,416,0 172,357,239,408,0 
./UVM/test537.png 353,0,396,23,0 317,0,349,31,0 0,313,70,364,0 141,137,196,176,0 321,208,364,243,0 349,98,388,141,0 404,384,416,416,0 172,357,239,408,0 
./UVM/test538.png 141,105,168,137,0 105,215,141,247,0 227,149,262,208,0 333,141,400,192,0 149,192,208,239,0 113,278,156,317,0 196,274,231,313,0 223,227,255,266,0 23,368,66,416,0 
./UVM/test539.png 141,105,168,137,0 105,215,141,247,0 227,149,262,208,0 333,141,400,192,0 149,192,208,239,0 113,278,156,317,0 196,274,231,313,0 223,227,255,266,0 23,368,66,416,0 
./UVM/test540.png 239,51,290,98,0 35,164,82,208,0 184,259,223,302,0 3,341,47,380,0 117,364,164,408,0 184,364,243,408,0 364,215,416,266,0 364,27,416,62,0 247,156,310,200,0 329,345,372,392,0 
./UVM/test541.png 239,51,290,98,0 35,164,82,208,0 184,259,223,302,0 3,341,47,380,0 117,364,164,408,0 184,364,243,408,0 364,215,416,266,0 364,27,416,62,0 247,156,310,200,0 329,345,372,392,0 
./UVM/test542.png 74,0,113,31,0 372,0,400,15,0 333,306,380,349,0 380,349,416,388,0 156,86,184,145,0 208,188,259,247,0 200,317,239,376,0 31,164,102,223,0 43,368,98,400,0 
./UVM/test543.png 74,0,113,31,0 372,0,400,15,0 333,306,380,349,0 380,349,416,388,0 156,86,184,145,0 208,188,259,247,0 200,317,239,376,0 31,164,102,223,0 43,368,98,400,0 
./UVM/test544.png 153,0,184,15,0 11,94,47,141,0 219,39,270,70,0 243,121,294,145,0 325,380,372,412,0 200,388,298,416,0 102,329,149,380,0 
./UVM/test545.png 153,0,184,15,0 11,94,47,141,0 219,39,270,70,0 243,121,294,145,0 325,380,372,412,0 200,388,298,416,0 102,329,149,380,0 
./UVM/test546.png 172,0,215,31,0 184,74,215,105,0 286,133,333,168,0 184,137,231,172,0 58,121,98,156,0 117,156,164,196,0 3,262,47,325,0 208,204,259,247,0 278,247,317,294,0 306,364,349,404,0 180,306,219,364,0 200,396,243,416,0 
./UVM/test547.png 172,0,215,31,0 184,74,215,105,0 286,133,333,168,0 184,137,231,172,0 58,121,98,156,0 117,156,164,196,0 3,262,47,325,0 208,204,259,247,0 278,247,317,294,0 306,364,349,404,0 180,306,219,364,0 200,396,243,416,0 
./UVM/test548.png 0,141,19,192,0 113,184,180,219,0 204,294,231,333,0 
./UVM/test549.png 0,141,19,192,0 113,184,180,219,0 204,294,231,333,0 
./UVM/test550.png 188,43,204,82,0 102,149,149,192,0 294,156,345,211,0 380,141,416,192,0 47,310,98,357,0 15,368,47,412,0 78,364,121,412,0 
./UVM/test551.png 188,43,204,82,0 102,149,149,192,0 294,156,345,211,0 380,141,416,192,0 47,310,98,357,0 15,368,47,412,0 78,364,121,412,0 
./UVM/test552.png 3,0,39,35,0 105,78,137,117,0 180,82,227,137,0 310,102,353,145,0 345,70,388,109,0 176,282,231,341,0 282,357,321,404,0 
./UVM/test553.png 3,0,39,35,0 105,78,137,117,0 180,82,227,137,0 310,102,353,145,0 345,70,388,109,0 176,282,231,341,0 282,357,321,404,0 
./UVM/test554.png 0,0,11,23,0 54,7,109,47,0 102,78,149,117,0 361,54,404,102,0 396,200,416,231,0 70,208,105,243,0 211,235,255,278,0 90,266,141,294,0 141,325,204,372,0 231,388,278,416,0 282,388,321,416,0 
./UVM/test555.png 0,0,11,23,0 54,7,109,47,0 102,78,149,117,0 361,54,404,102,0 396,200,416,231,0 70,208,105,243,0 211,235,255,278,0 90,266,141,294,0 141,325,204,372,0 231,388,278,416,0 282,388,321,416,0 
./UVM/test556.png 66,0,133,35,0 11,27,58,62,0 137,78,176,109,0 286,39,341,98,0 227,259,286,313,0 388,0,416,23,0 353,408,396,416,0 290,388,333,408,0 
./UVM/test557.png 66,0,133,35,0 11,27,58,62,0 137,78,176,109,0 286,39,341,98,0 227,259,286,313,0 388,0,416,23,0 353,408,396,416,0 290,388,333,408,0 
./UVM/test558.png 215,121,262,160,0 164,176,211,211,0 270,266,313,310,0 188,290,227,341,0 0,278,23,306,0 
./UVM/test559.png 215,121,262,160,0 164,176,211,211,0 270,266,313,310,0 188,290,227,341,0 0,278,23,306,0 
./UVM/test560.png 380,31,408,66,0 0,290,23,317,0 400,278,416,306,0 282,239,321,266,0 0,361,39,408,0 200,310,274,368,0 
./UVM/test561.png 380,31,408,66,0 0,290,23,317,0 400,278,416,306,0 282,239,321,266,0 0,361,39,408,0 200,310,274,368,0 
./UVM/test562.png 384,11,416,39,0 66,90,105,125,0 0,357,15,388,0 19,341,82,392,0 74,404,113,416,0 168,211,196,259,0 231,129,282,168,0 408,361,416,408,0 372,404,400,416,0 
./UVM/test563.png 384,11,416,39,0 66,90,105,125,0 0,357,15,388,0 19,341,82,392,0 74,404,113,416,0 168,211,196,259,0 231,129,282,168,0 408,361,416,408,0 372,404,400,416,0 
./UVM/test564.png 51,141,90,184,0 74,239,113,274,0 15,353,54,408,0 176,290,215,325,0 313,15,357,62,0 357,180,392,215,0 282,255,341,298,0 235,294,266,333,0 164,361,196,392,0 215,341,266,380,0 153,404,184,416,0 396,357,416,388,0 
./UVM/test565.png 51,141,90,184,0 74,239,113,274,0 15,353,54,408,0 176,290,215,325,0 313,15,357,62,0 357,180,392,215,0 282,255,341,298,0 235,294,266,333,0 164,361,196,392,0 215,341,266,380,0 153,404,184,416,0 396,357,416,388,0 
./UVM/test566.png 117,109,168,149,0 337,125,380,156,0 164,208,200,255,0 105,231,156,266,0 105,270,156,317,0 27,317,90,357,0 47,372,78,404,0 105,357,149,400,0 337,184,388,227,0 
./UVM/test567.png 117,109,168,149,0 337,125,380,156,0 164,208,200,255,0 105,231,156,266,0 105,270,156,317,0 27,317,90,357,0 47,372,78,404,0 105,357,149,400,0 337,184,388,227,0 
./UVM/test568.png 0,0,11,43,0 211,0,270,11,0 137,109,172,153,0 78,290,137,345,0 160,282,227,341,0 
./UVM/test569.png 0,0,11,43,0 211,0,270,11,0 137,109,172,153,0 78,290,137,345,0 160,282,227,341,0 
./UVM/test570.png 0,47,23,98,0 51,54,90,98,0 227,23,274,47,0 368,0,416,43,0 364,200,404,235,0 54,223,113,274,0 329,294,368,357,0 
./UVM/test571.png 0,47,23,98,0 51,54,90,98,0 227,23,274,47,0 368,0,416,43,0 364,200,404,235,0 54,223,113,274,0 329,294,368,357,0 
./UVM/test572.png 0,0,58,39,0 133,19,172,54,0 341,0,368,27,0 388,47,416,98,0 11,109,47,141,0 255,141,306,168,0 270,329,310,357,0 3,408,39,416,0 149,325,196,364,0 
./UVM/test573.png 0,0,58,39,0 133,19,172,54,0 341,0,368,27,0 388,47,416,98,0 11,109,47,141,0 255,141,306,168,0 270,329,310,357,0 3,408,39,416,0 149,325,196,364,0 
./UVM/test574.png 27,137,58,172,0 113,11,156,35,0 117,47,145,58,0 98,62,121,82,0 219,47,247,78,0 247,168,286,211,0 333,125,361,168,0 90,302,145,337,0 113,376,172,408,0 
./UVM/test575.png 27,137,58,172,0 113,11,156,35,0 117,47,145,58,0 98,62,121,82,0 219,47,247,78,0 247,168,286,211,0 333,125,361,168,0 90,302,145,337,0 113,376,172,408,0 
./UVM/test576.png 11,0,39,23,0 11,156,58,204,0 215,145,262,204,0 62,66,102,90,0 180,306,200,345,0 66,404,133,416,0 357,43,400,70,0 388,400,416,416,0 
./UVM/test577.png 11,0,39,23,0 11,156,58,204,0 215,145,262,204,0 62,66,102,90,0 180,306,200,345,0 66,404,133,416,0 357,43,400,70,0 388,400,416,416,0 
./UVM/test578.png 98,0,137,23,0 227,0,266,43,0 23,86,70,121,0 15,164,58,196,0 117,62,156,98,0 219,86,259,121,0 302,105,341,137,0 333,51,396,102,0 3,231,39,262,0 94,215,160,270,0 113,313,145,341,0 200,231,235,266,0 310,302,349,325,0 19,368,54,416,0 
./UVM/test579.png 98,0,137,23,0 227,0,266,43,0 23,86,70,121,0 15,164,58,196,0 117,62,156,98,0 219,86,259,121,0 302,105,341,137,0 333,51,396,102,0 3,231,39,262,0 94,215,160,270,0 113,313,145,341,0 200,231,235,266,0 310,302,349,325,0 19,368,54,416,0 
./UVM/test580.png 78,0,109,39,0 176,0,215,35,0 302,0,353,51,0 27,384,54,416,0 43,137,82,168,0 102,141,145,180,0 200,129,231,160,0 243,74,282,113,0 270,129,310,153,0 243,219,286,255,0 341,102,376,133,0 
./UVM/test581.png 78,0,109,39,0 176,0,215,35,0 302,0,353,51,0 27,384,54,416,0 43,137,82,168,0 102,141,145,180,0 200,129,231,160,0 243,74,282,113,0 270,129,310,153,0 243,219,286,255,0 341,102,376,133,0 
./UVM/test582.png 219,3,251,51,0 247,105,274,149,0 302,11,361,62,0 117,286,168,317,0 266,317,310,361,0 
./UVM/test583.png 219,3,251,51,0 247,105,274,149,0 302,11,361,62,0 117,286,168,317,0 266,317,310,361,0 
./UVM/test584.png 27,11,62,39,0 11,62,54,98,0 15,156,66,192,0 255,90,294,137,0 298,54,345,102,0 357,168,384,204,0 208,317,255,361,0 117,376,160,416,0 
./UVM/test585.png 27,11,62,39,0 11,62,54,98,0 15,156,66,192,0 255,90,294,137,0 298,54,345,102,0 357,168,384,204,0 208,317,255,361,0 117,376,160,416,0 
./UVM/test586.png 345,23,384,54,0 259,113,298,149,0 98,188,129,219,0 15,302,31,333,0 215,204,247,239,0 141,353,180,384,0 
./UVM/test587.png 345,23,384,54,0 259,113,298,149,0 98,188,129,219,0 15,302,31,333,0 215,204,247,239,0 141,353,180,384,0 
